0, 86.022850, -145.861664, -711.229736
1, 92.498276, -113.889885, -721.598267
2, 77.912811, -84.616241, -729.939636
3, 50.120422, -62.612648, -733.609741
4, 14.207530, -58.622093, -742.046387
5, -18.386311, -71.797249, -746.351196
6, -40.643593, -94.898575, -753.874939
7, -56.438793, -126.423912, -759.440613
8, -52.403053, -159.360199, -764.708679
9, -27.877106, -187.726654, -768.699097
10, 3.614875, -203.418564, -767.008484
11, 38.129959, -200.972717, -769.987915
12, 68.844177, -187.366806, -769.108582
13, 89.197296, -157.635040, -772.409546
14, 95.668640, -124.745300, -777.128418
15, 82.710754, -91.774223, -785.246460
16, 52.167152, -74.125412, -795.674927
17, 17.810768, -71.301277, -800.993103
18, -13.398753, -84.725449, -810.320557
19, -39.105217, -109.010483, -817.058594
20, -45.132156, -143.685638, -820.708252
21, -33.795822, -176.474640, -823.478027
22, -5.969178, -197.081528, -824.721069
23, 29.438553, -205.233429, -821.549194
24, 63.497482, -197.492905, -821.285645
25, 87.231712, -170.660446, -825.361694
26, 97.483261, -138.918701, -833.372070
27, 90.487900, -104.841690, -842.305298
28, 66.201637, -80.839546, -852.961853
29, 30.385374, -80.658722, -864.116821
30, -1.684934, -85.587662, -868.054810
31, -23.141968, -111.593369, -875.404663
32, -33.580521, -143.843475, -881.086853
33, -22.857178, -175.702454, -884.824158
34, 4.148399, -200.213226, -884.660645
35, 40.596741, -204.793793, -883.592712
36, 73.960991, -191.741638, -883.904419
37, 94.977097, -164.331955, -888.247986
38, 101.912720, -129.421707, -894.900757
39, 88.028427, -98.272781, -906.300903
40, 57.647179, -82.015213, -916.204041
41, 21.263523, -78.914948, -925.308105
42, -2.581131, -98.991829, -932.698853
43, -18.986227, -128.790527, -938.569702
44, -16.951883, -163.276550, -943.922363
45, 4.972973, -191.868469, -945.868408
46, 39.178757, -205.920776, -945.342285
47, 74.267776, -200.550217, -944.955994
48, 98.757362, -175.990143, -948.466675
50, 97.512352, -110.472580, -965.763428
51, 74.023315, -87.220123, -973.591431
52, 37.133553, -84.026169, -982.790222
53, 7.898638, -100.003197, -990.910583
54, -9.782499, -128.414276, -996.054871
55, -4.721755, -162.955475, -1002.874756
56, 18.668671, -189.395126, -1005.581238
57, 54.324371, -200.102020, -1007.777283
58, 87.921616, -191.999603, -1004.968994
59, 109.499718, -163.742950, -1006.216675
60, 110.577469, -128.037689, -1009.697388
61, 94.400078, -98.829514, -1018.674988
62, 63.161552, -86.024612, -1027.694824
63, 27.985825, -93.256393, -1037.862061
64, -48.684689, -113.230011, -727.725464
65, -53.219116, -147.126328, -729.967407
66, -38.568344, -179.067734, -731.864990
67, -9.384205, -201.137848, -733.482605
68, 26.317272, -205.166183, -735.403503
69, 57.857971, -190.441757, -737.056519
70, 80.743195, -165.480438, -742.207458
71, 94.127670, -133.329712, -749.524902
72, 87.071213, -100.769768, -756.320251
73, 63.821182, -75.469704, -762.348083
74, 30.427677, -67.059494, -770.757812
75, -3.991990, -72.302582, -777.503540
76, -34.940704, -91.942184, -781.041382
77, -49.675133, -121.560944, -788.187866
78, -46.915260, -157.754150, -793.453491
79, -25.703720, -185.258331, -795.454956
80, 5.860609, -200.373535, -795.926636
81, 42.215340, -203.187805, -796.871582
82, 74.698807, -188.859375, -794.429199
83, 92.543152, -158.928284, -800.583862
84, 95.459137, -125.517151, -808.353149
85, 82.985832, -93.214256, -816.001831
86, 52.374489, -79.875275, -826.253662
87, 18.500309, -75.670448, -834.600952
88, -12.105946, -88.502556, -840.983643
89, -35.558056, -115.492851, -847.457031
90, -38.115173, -149.949005, -854.219849
91, -23.452177, -181.512268, -854.840088
92, 6.207765, -201.900452, -853.499146
93, 41.627373, -201.812134, -855.056580
94, 74.418915, -187.739792, -852.800781
95, 93.395386, -159.570526, -858.766724
96, 95.943810, -125.983696, -868.078735
97, 83.684891, -94.958946, -878.021240
98, 53.778587, -77.756943, -887.120056
99, 18.615215, -77.966560, -897.380310
100, -10.912771, -96.065132, -903.369873
101, -25.073561, -127.425613, -909.122559
102, -22.395452, -161.851471, -911.113525
103, -2.471987, -190.378403, -913.862671
104, 30.613882, -204.741425, -912.077515
105, 66.856796, -202.959320, -910.962585
106, 93.488739, -178.669769, -913.042114
108, 90.701096, -115.456833, -937.306396
109, 70.102074, -85.169411, -944.734863
110, 37.298687, -79.552490, -956.133972
111, 6.523178, -93.450714, -962.821167
112, -12.845812, -123.028679, -967.990906
113, -10.131996, -157.228333, -974.059570
114, 6.764770, -187.651611, -976.835388
115, 40.150993, -203.854004, -978.872559
116, 75.460518, -202.196350, -978.262695
117, 99.804871, -178.245346, -979.984558
118, 111.955193, -143.141098, -983.785339
119, 100.140427, -110.553062, -989.914246
120, 73.361237, -87.999069, -1000.833923
121, 39.567825, -85.073120, -1012.957520
122, 11.744857, -100.463486, -1020.271057
123, -3.757717, -133.163330, -1027.412354
124, 4.314256, -166.150620, -1032.159912
125, 29.079313, -190.921738, -1033.020996
126, 65.778137, -196.903122, -1028.878296
127, 96.093002, -177.411728, -1025.362183
256, 142.479050, -125.180161, -315.389069
257, 139.612732, -93.370193, -329.030914
258, 131.945908, -62.136032, -341.105164
259, 118.121658, -30.867649, -351.833313
260, 98.490601, -4.714609, -353.256531
262, 114.994354, -3.352916, -322.083130
263, 134.378067, -29.605850, -319.520386
264, 143.124054, -63.340790, -315.101776
265, 142.268524, -97.532188, -311.796692
266, 133.650833, -130.391846, -306.461548
267, 114.110870, -156.907761, -300.198181
269, 58.880333, -193.270477, -300.627747
270, 26.092154, -196.574081, -309.058411
271, -8.742620, -193.919952, -312.335938
272, -40.529755, -180.392914, -314.167816
273, -67.612007, -157.436127, -312.288971
274, -83.382118, -128.299683, -310.203735
275, -90.160690, -95.781525, -304.704163
276, -90.310631, -60.957306, -302.246307
278, -88.519196, -75.191086, -336.132751
279, -83.504593, -106.498520, -340.635376
280, -72.412979, -138.874420, -341.715759
281, -55.410614, -168.568970, -339.412811
282, -28.391804, -189.397919, -339.472290
283, 5.524422, -199.684616, -336.559723
284, 39.634041, -201.305878, -335.781311
320, 130.975098, -131.814987, -344.098389
321, 141.132156, -101.627609, -357.103455
322, 132.296860, -67.522537, -366.681000
323, 113.132172, -38.824257, -371.207275
324, 84.681458, -19.386578, -375.021454
325, 56.236511, -5.990796, -379.188843
329, -64.263290, -56.566795, -362.543579
330, -79.040802, -88.241570, -361.282898
331, -79.008392, -122.292068, -362.644104
332, -68.379944, -154.653809, -363.989685
333, -44.445370, -180.772156, -365.013855
334, -13.856483, -198.073883, -362.957336
335, 18.547470, -206.399017, -360.736542
336, 54.691616, -200.328247, -362.642822
337, 82.396042, -183.821381, -363.810852
338, 108.868370, -159.955109, -369.626770
339, 122.271133, -130.324829, -377.102386
340, 127.074387, -95.882538, -385.225311
341, 116.355118, -66.257599, -395.364349
342, 94.315399, -41.554024, -399.270691
343, 64.132256, -22.403225, -402.176575
348, -78.153793, -85.788780, -389.862885
349, -77.743004, -120.596725, -389.778992
350, -64.434738, -152.676880, -389.618652
351, -44.268951, -181.989746, -388.677429
352, -13.730194, -200.726608, -389.149963
353, 19.012762, -208.282257, -390.004852
354, 53.188065, -203.232178, -393.705444
355, 83.146027, -188.092041, -399.192688
356, 108.410599, -162.561203, -406.846191
357, 119.093658, -129.504913, -413.780334
358, 116.383842, -95.993210, -420.882935
359, 103.066391, -64.614494, -426.418213
360, 77.641357, -41.276840, -425.476257
361, 47.347733, -24.755226, -424.354370
364, -49.484329, -46.699356, -420.339661
365, -67.920113, -76.888763, -418.529968
366, -72.657784, -111.394363, -419.266541
367, -65.372482, -143.027573, -418.236938
368, -46.671768, -171.427521, -419.521820
369, -19.984955, -196.310272, -421.339966
370, 12.579837, -207.903503, -421.677917
371, 47.337555, -203.654572, -427.159027
372, 79.771950, -194.177734, -429.672974
373, 103.395195, -168.976700, -437.512512
374, 114.912163, -134.925232, -445.344543
375, 111.344086, -101.994987, -450.144653
376, 96.127930, -68.036636, -452.579529
377, 71.447029, -46.652573, -452.429626
380, -28.611126, -31.185379, -453.772919
382, -75.008774, -80.999687, -455.433594
383, -70.639412, -117.612808, -454.188934
384, 69.135086, -51.744270, -472.721649
385, 38.274330, -33.165596, -474.078918
387, -28.308279, -36.318832, -478.815399
389, -74.401161, -85.676804, -478.966309
390, -76.928848, -120.591980, -481.305359
391, -62.729286, -153.159637, -480.914062
392, -39.906601, -177.087570, -482.348022
393, -10.292425, -196.651001, -485.747253
394, 23.647894, -203.011520, -486.913696
395, 57.649029, -196.903839, -495.763916
396, 85.609489, -177.219208, -502.951416
397, 99.794266, -145.084793, -511.543152
398, 95.998260, -112.974350, -517.753601
399, 84.159920, -81.524734, -523.817810
400, 58.272514, -54.267174, -528.085205
401, 28.798275, -39.327629, -531.809082
404, -64.238144, -66.069214, -541.148926
405, -74.474899, -99.658714, -543.613464
406, -71.528214, -133.903870, -545.711121
407, -54.577324, -165.125443, -544.590454
408, -28.703297, -188.334625, -545.534424
409, 3.194634, -202.399521, -547.321167
410, 38.451534, -200.339279, -552.786377
411, 69.516464, -183.702484, -557.708923
412, 88.199951, -156.131683, -565.521057
413, 94.723045, -122.446732, -572.154907
414, 83.198700, -89.992004, -579.403015
415, 62.459099, -61.264736, -585.179565
416, 35.482796, -42.648537, -589.674683
417, 1.131862, -39.013191, -594.956055
419, -56.250599, -70.396164, -600.535095
420, -67.031738, -103.383087, -604.682007
421, -65.895187, -137.689255, -606.907471
422, -52.217438, -171.551422, -605.056458
423, -27.045681, -193.750793, -608.500488
424, 7.532809, -203.206421, -610.781555
425, 43.591431, -196.170807, -615.158508
426, 70.841461, -177.426010, -618.662903
427, 88.545197, -147.784058, -626.568054
428, 93.371017, -115.149765, -633.576050
429, 79.579681, -83.571609, -641.780762
430, 56.306755, -57.071014, -645.928711
431, 24.803368, -44.318489, -651.434631
432, -10.605625, -50.377029, -655.215027
434, -57.670944, -96.204857, -660.996582
435, -63.049194, -131.238037, -665.189392
436, -52.563148, -164.432846, -667.383301
437, -29.528507, -189.501495, -671.886719
438, 4.822204, -201.457489, -673.591492
439, 39.800484, -198.665878, -675.994507
440, 67.501686, -179.076584, -680.988770
441, 88.398651, -150.063599, -686.079834
442, 92.761124, -116.620178, -690.812256
443, 79.503799, -87.012436, -700.844360
444, 54.361122, -63.847973, -706.417664
445, 20.805824, -54.174896, -711.588562
446, -14.404476, -62.115227, -716.880554
447, -34.065605, -91.112488, -719.685181
448, -56.883736, -161.487274, -451.708832
449, -32.833344, -185.858139, -455.288513
450, -0.561886, -203.845947, -456.252777
451, 33.635349, -204.261627, -459.861786
452, 67.346924, -194.580719, -464.425629
453, 91.862762, -172.453796, -472.811218
454, 103.981796, -140.810760, -482.704712
455, 101.928925, -106.295471, -490.809143
456, 84.071533, -75.697495, -497.719086
457, 61.169689, -52.042480, -502.824310
458, 31.344557, -35.411110, -503.574707
461, -64.732956, -67.964035, -509.663879
462, -76.261276, -99.006157, -511.957611
463, -71.595184, -133.454224, -513.049805
464, -55.371456, -164.670471, -513.981995
465, -29.604343, -187.654297, -514.723572
466, 2.549316, -201.814667, -516.225952
467, 37.685177, -199.351196, -523.738647
468, 69.563980, -188.273544, -526.551941
469, 88.444412, -158.231400, -537.580566
470, 94.165588, -126.788986, -544.715759
471, 85.282806, -92.584213, -553.134460
472, 67.294373, -63.067867, -555.077026
473, 39.632706, -42.853439, -560.535645
477, -70.607681, -94.289696, -572.775757
478, -70.331085, -129.183807, -573.666626
479, -57.395630, -161.334015, -573.473267
480, -34.042038, -186.222870, -575.039734
481, -0.119864, -201.276642, -576.307007
482, 34.782772, -198.827545, -581.122681
483, 66.118370, -184.146179, -584.274048
484, 88.613052, -158.019226, -592.136353
485, 94.214691, -124.685364, -599.771729
486, 84.834877, -91.342422, -610.067078
487, 64.893417, -65.728363, -615.816895
488, 37.618156, -44.448311, -620.773499
489, 2.304149, -43.414940, -627.717712
491, -52.908123, -80.469330, -632.884155
492, -65.281952, -112.379631, -637.442993
493, -64.790863, -147.388596, -638.228699
494, -45.901840, -176.105438, -640.314392
495, -17.117599, -198.709091, -641.183594
496, 17.714361, -201.876007, -642.278564
497, 50.695618, -190.806641, -646.788757
498, 73.636230, -167.323669, -650.693848
499, 90.289658, -137.312561, -656.534424
500, 88.640686, -102.278305, -664.645630
501, 71.685844, -73.759773, -673.267578
502, 42.514156, -56.146847, -678.472229
503, 8.564276, -49.312721, -684.023438
504, -23.694321, -61.813576, -688.524902
505, -47.197067, -88.166107, -692.448669
506, -57.715057, -121.277824, -697.247009
507, -53.142395, -153.483704, -702.608276
508, -33.505756, -182.983871, -701.911316
509, -3.696600, -202.816010, -703.151306
510, 32.154198, -203.242584, -703.900635
511, 62.592316, -182.641037, -705.374512
576, -133.390594, 30.896847, -743.611816
577, -99.636742, 23.162022, -751.714478
578, -66.014923, 29.000135, -755.929138
579, -38.843906, 49.935242, -760.243896
580, -24.581547, 81.992989, -763.792236
581, -27.482250, 117.716759, -766.181641
582, -45.196636, 148.446732, -768.541382
583, -76.236191, 169.444473, -770.215759
584, -109.749603, 170.464539, -774.024292
585, -144.661407, 162.296844, -776.422241
586, -167.109497, 136.207993, -783.328979
587, -175.726105, 101.326920, -790.400757
588, -168.739838, 67.838799, -797.070984
589, -146.605865, 42.261055, -804.264099
590, -113.879532, 26.409172, -808.420654
591, -80.382317, 28.330511, -813.199158
592, -49.451012, 44.711433, -818.834778
593, -30.570890, 73.099075, -821.756775
594, -27.881124, 106.890625, -827.098999
595, -38.516594, 140.028137, -830.104675
596, -64.768814, 164.137634, -833.147400
597, -101.726341, 169.264923, -836.017761
598, -133.242676, 159.253998, -838.807312
599, -162.372330, 140.765289, -842.807312
600, -175.648682, 106.898834, -849.926941
601, -167.714996, 74.065895, -857.160767
602, -146.093109, 48.750748, -864.035767
603, -113.026421, 36.695206, -872.306885
604, -79.033798, 34.739819, -877.379517
605, -48.545105, 50.155655, -881.180542
606, -28.123203, 79.595367, -883.983337
607, -27.787046, 113.109154, -886.254578
608, -39.809582, 146.106079, -891.149353
609, -71.597260, 168.453979, -892.729614
610, -105.393089, 168.519745, -895.888367
611, -138.889252, 159.619293, -899.952637
612, -162.046906, 134.741287, -907.808533
613, -171.426727, 100.960442, -916.162598
614, -157.053375, 66.376907, -925.705017
615, -129.984985, 48.708282, -929.833618
616, -95.845779, 41.378098, -932.748596
617, -61.663956, 51.442970, -937.492126
618, -34.200947, 71.084671, -943.524109
621, -62.986198, 165.231415, -955.681885
622, -98.068481, 171.363831, -959.159851
623, -132.703613, 162.160141, -963.535400
624, -154.912415, 136.233429, -971.665466
625, -159.316833, 102.289391, -981.436707
626, -145.975204, 69.468285, -986.747070
627, -118.166862, 49.632187, -993.593872
628, -83.454834, 44.074871, -997.746826
629, -51.280640, 57.899467, -1000.407715
630, -30.187466, 84.134323, -1004.181335
631, -29.887220, 119.753693, -1008.667419
632, -46.259350, 150.607849, -1012.983521
633, -80.038162, 167.338593, -1014.831238
634, -113.380051, 162.847672, -1022.959106
635, -145.608368, 149.500107, -1026.965332
636, -161.898346, 118.477432, -1036.793457
637, -153.543579, 82.516853, -1044.066284
638, -123.001068, 63.195446, -1048.601807
639, -90.075745, 57.191147, -1050.463501
640, 0.048619, 111.887466, -500.595306
641, -10.313982, 146.589447, -498.136475
642, -35.886116, 171.659592, -495.269287
643, -68.154587, 183.018982, -492.759155
644, -103.335922, 177.956299, -494.295166
645, -134.705994, 167.290161, -496.576630
646, -159.355957, 141.575653, -501.602661
647, -173.139938, 110.973907, -509.831787
648, -174.554535, 75.111092, -515.376465
649, -163.471756, 44.465267, -520.371460
650, -139.355865, 17.134441, -523.912659
651, -110.382339, 3.415441, -528.948486
653, -45.201519, 13.286406, -544.340393
654, -17.915047, 36.112152, -551.930542
655, -6.034802, 68.568207, -558.060669
656, -5.485781, 103.913269, -560.489258
657, -19.142248, 134.731430, -561.956299
658, -41.893032, 160.674530, -559.675903
659, -72.642029, 178.659424, -555.842407
660, -106.901909, 178.985291, -553.735229
661, -140.181793, 165.201233, -554.498779
662, -163.464722, 141.869720, -558.171753
663, -178.404892, 110.541962, -565.095703
664, -179.702820, 75.944077, -573.254272
665, -167.541138, 44.221111, -582.636719
666, -145.349335, 18.170517, -589.144531
667, -113.938171, 6.806600, -596.962830
668, -77.477295, 7.663891, -604.842529
670, -23.798368, 45.894341, -613.254211
671, -13.521335, 77.825378, -616.075684
672, -15.720363, 113.750366, -618.533813
673, -33.876602, 142.292236, -617.238098
674, -58.990749, 166.398605, -619.147583
675, -92.620445, 176.216156, -619.621582
676, -127.413376, 171.415588, -621.796082
677, -158.861588, 157.986923, -623.611267
678, -178.068771, 127.136131, -630.240173
679, -182.351166, 95.166466, -633.647949
680, -173.219467, 61.221687, -639.957275
681, -153.193512, 31.635420, -644.259521
682, -123.543686, 14.107005, -651.548828
683, -90.516525, 12.659242, -660.066406
684, -58.552055, 21.631260, -664.975708
685, -30.143764, 43.529533, -672.227722
686, -19.861303, 76.101250, -677.822021
687, -23.151922, 111.487602, -681.207458
688, -37.929283, 143.234802, -682.071899
689, -64.081909, 165.204803, -684.270386
690, -98.054306, 173.790710, -683.988464
691, -133.058868, 166.824631, -687.087158
692, -161.910065, 150.396088, -688.884216
693, -178.206650, 118.593002, -695.605103
694, -177.530914, 82.585297, -699.728882
695, -162.479919, 51.959930, -705.436218
696, -137.768936, 28.694782, -710.723145
697, -103.516586, 20.395864, -715.979370
698, -69.550163, 22.682423, -721.607605
699, -39.278564, 41.382275, -726.237244
700, -25.501801, 71.650040, -731.611328
701, -21.760344, 107.253128, -735.735596
702, -36.841171, 139.145920, -738.860535
703, -66.431854, 159.852356, -740.028076
704, -94.346603, 169.767853, -740.854675
705, -127.879379, 167.591782, -746.724976
706, -157.001266, 149.807175, -752.489136
707, -173.839813, 121.417526, -760.147949
708, -176.340927, 87.184799, -763.514648
709, -161.699677, 56.707790, -770.061035
710, -136.592590, 32.723961, -774.343140
711, -104.537788, 21.317709, -778.118347
712, -70.612015, 29.532299, -784.284363
713, -44.526096, 51.129410, -792.255859
714, -25.608978, 81.035980, -795.376221
715, -26.236977, 113.714188, -798.511658
716, -41.599693, 145.184967, -801.180542
717, -70.613052, 166.973480, -803.002197
718, -105.563995, 167.401337, -806.680603
719, -139.391083, 159.664902, -808.042175
720, -164.086029, 136.441956, -814.487915
721, -176.115479, 104.329857, -821.641846
722, -166.856308, 70.301468, -830.275635
723, -144.364471, 43.788994, -837.262146
724, -111.871292, 34.287697, -843.951050
725, -78.392807, 30.240408, -846.411499
726, -49.971817, 47.538361, -852.772095
727, -29.371517, 75.525970, -856.151550
728, -26.260658, 111.292679, -860.300415
729, -42.053978, 143.245880, -861.863220
730, -70.128059, 164.261566, -863.360046
731, -103.443848, 166.716049, -868.548523
732, -137.331024, 160.540009, -870.363525
733, -162.483826, 136.848877, -875.344727
734, -173.071518, 103.483940, -882.610596
735, -162.985687, 70.541283, -890.313171
736, -137.741455, 46.604599, -895.489624
737, -104.121689, 39.939560, -902.183472
738, -70.897499, 42.854164, -908.584229
739, -39.695744, 60.826454, -913.070923
740, -26.162968, 91.089447, -917.710876
741, -25.743393, 126.038231, -922.133667
742, -47.061127, 154.022217, -926.266357
743, -79.770958, 169.218201, -926.073608
744, -114.126923, 164.978607, -934.025024
745, -144.338135, 151.887299, -938.043640
746, -164.370483, 123.933548, -944.507812
747, -162.123505, 89.490997, -952.377380
748, -140.025009, 59.940514, -956.273438
749, -109.793716, 48.974030, -964.403748
750, -75.589668, 48.830055, -965.058105
751, -44.120770, 62.205364, -970.517761
752, -25.525482, 89.361511, -978.575867
754, -49.357582, 151.268295, -987.608215
755, -79.209846, 166.074692, -989.535400
756, -113.809624, 162.588257, -994.019653
757, -144.711212, 149.602295, -996.089844
758, -159.167160, 116.695969, -1005.325684
759, -153.091599, 81.589279, -1014.361694
760, -129.156403, 58.874413, -1019.218628
761, -92.821716, 55.926140, -1028.966309
762, -61.903534, 57.229362, -1029.437744
763, -33.934776, 80.078781, -1032.770264
764, -24.798641, 112.084648, -1035.818604
765, -41.194672, 144.200348, -1040.781128
766, -75.118324, 168.174530, -1040.750122
767, -108.472046, 159.943008, -1039.876953
835, 37.850208, 42.110565, -410.126831
836, 46.242073, 76.471024, -409.815002
837, 42.254242, 110.624748, -411.347015
838, 25.550926, 141.404938, -407.579346
839, 1.252758, 167.586914, -405.213959
840, -28.319023, 184.815414, -400.923920
841, -62.577278, 192.722519, -394.831390
842, -97.625717, 188.888824, -389.999207
843, -126.366989, 170.432114, -383.741211
844, -146.071228, 142.989059, -384.351410
845, -158.231949, 110.850220, -387.292236
846, -160.294647, 74.863243, -393.278503
848, -126.065292, 16.457813, -405.678589
849, -97.003601, 0.778846, -409.543091
851, -28.183868, 3.329399, -422.097260
853, 22.626469, 45.172821, -431.979584
854, 30.354683, 77.999878, -434.465424
855, 29.071484, 113.388275, -436.053284
856, 10.020452, 144.209351, -432.888367
857, -15.171229, 166.081848, -432.238708
858, -46.967926, 181.151367, -430.169525
859, -81.709854, 181.657883, -424.034393
860, -115.595963, 174.076096, -420.042694
861, -143.884964, 151.520538, -416.512177
862, -159.783936, 121.248077, -419.691254
863, -164.136154, 86.604660, -421.417114
864, -157.508255, 54.446453, -426.360809
865, -138.581635, 24.108257, -433.247284
866, -109.672623, 4.244850, -437.470642
867, -77.096169, -5.606703, -441.081726
868, -41.774628, 0.496125, -449.311646
870, 11.518364, 45.040520, -457.080688
871, 22.486149, 77.045334, -463.397278
872, 18.983458, 111.398186, -463.420532
873, 0.666634, 141.108917, -464.083740
874, -25.749157, 164.406052, -459.723602
875, -55.332043, 176.970337, -454.412811
876, -89.993103, 180.663803, -448.543518
877, -122.499176, 172.371490, -444.529663
878, -149.245651, 148.352997, -443.096313
879, -163.744019, 117.548363, -447.445312
880, -166.803818, 83.807129, -452.714203
881, -160.957123, 48.695137, -459.104736
882, -142.432678, 21.126959, -464.602020
883, -114.965775, 3.578847, -471.124695
885, -44.433777, 4.147284, -482.633362
887, 1.911228, 52.550034, -492.327942
888, 11.478263, 85.798698, -491.567841
889, 4.537615, 120.068390, -491.611420
890, -9.793810, 151.120850, -485.820312
891, -38.967819, 170.721313, -482.235840
892, -72.274742, 181.719528, -473.849304
893, -105.304550, 178.918884, -470.025146
894, -135.400696, 163.363586, -465.478394
895, -160.376877, 136.454407, -464.555756
896, -134.800461, 165.285034, -337.922791
897, -151.622345, 135.097702, -336.782654
898, -159.357895, 100.924644, -338.196899
899, -160.934998, 67.717110, -338.477722
900, -152.464066, 33.884426, -339.566956
901, -132.808472, 7.220424, -340.016479
902, -105.472275, -14.251312, -342.057251
904, -109.727646, -4.404781, -372.624969
905, -136.522202, 18.478050, -373.210144
906, -154.345016, 48.761574, -371.501434
907, -158.475647, 83.005043, -370.463989
908, -154.334290, 116.053833, -369.137939
909, -141.173660, 147.803986, -367.328705
910, -121.042877, 175.565887, -369.940552
911, -97.225548, 191.234222, -386.156616
912, -62.137115, 193.343231, -383.494751
913, -31.359968, 194.890564, -374.497437
914, -0.569721, 180.363083, -374.552826
915, 24.776373, 156.070160, -375.662292
916, 45.583130, 128.603439, -381.382996
917, 53.854286, 96.595261, -388.780579
918, 55.698345, 63.635353, -392.035614
920, 68.560287, 61.104992, -365.307678
921, 63.982510, 93.048874, -362.193451
922, 55.091339, 126.507378, -356.320007
923, 36.814682, 154.539948, -353.441833
924, 10.117477, 175.173447, -350.364716
925, -21.014341, 189.751862, -347.533325
926, -52.879887, 197.613586, -346.260376
960, -172.619598, 100.476158, -475.169556
961, -168.721039, 67.072929, -483.580261
962, -153.103699, 34.969517, -489.169617
963, -130.050385, 12.248557, -496.099121
964, -96.267715, -0.706238, -498.957275
965, -62.617764, 2.242185, -507.431702
967, -9.574314, 40.411690, -522.012939
968, 1.448599, 72.904427, -528.491089
969, -0.298005, 107.241570, -532.297546
970, -16.356956, 137.870285, -533.393127
971, -38.836945, 163.722290, -530.717224
972, -69.279160, 179.919113, -527.681519
973, -105.019279, 179.492783, -526.204590
974, -134.860458, 166.075897, -526.730103
975, -160.563995, 142.446121, -529.921082
976, -173.316452, 111.226768, -536.583496
977, -176.952744, 78.183464, -542.789795
978, -165.333221, 47.377529, -549.313049
979, -144.540970, 20.609934, -555.444702
980, -111.896591, 10.933474, -564.829224
981, -79.188599, 6.723895, -570.092590
983, -22.072966, 43.373882, -583.789001
984, -11.204752, 73.618858, -587.021484
985, -13.831987, 108.161156, -589.923096
986, -28.060688, 139.052780, -589.364685
987, -53.817314, 162.600510, -589.874451
988, -84.779472, 175.948639, -586.024048
989, -119.717552, 176.880249, -584.452148
990, -149.982056, 159.383713, -584.290466
991, -172.127914, 134.179016, -589.196655
992, -179.873291, 101.690475, -596.540649
993, -177.602661, 67.869316, -603.950073
994, -159.497192, 38.459782, -614.347656
995, -133.299698, 16.139091, -621.161011
996, -100.767502, 6.882856, -626.663330
997, -66.360657, 13.374740, -633.589905
999, -22.752930, 63.018051, -644.756348
1000, -18.382317, 97.462708, -648.455994
1001, -29.197432, 128.867783, -650.464478
1002, -52.719124, 156.776459, -652.626099
1003, -83.483818, 173.314743, -650.427551
1004, -117.280602, 172.431183, -654.519226
1005, -150.422882, 159.390411, -654.359985
1006, -173.203613, 132.783157, -660.647461
1007, -181.276978, 101.620010, -664.552673
1008, -172.330536, 66.065811, -672.457214
1009, -153.592514, 37.533821, -676.977051
1010, -124.415215, 19.468288, -682.969604
1011, -90.503906, 16.543171, -690.058777
1012, -58.298286, 24.171902, -695.907837
1013, -32.684223, 47.292786, -699.235474
1014, -23.230095, 81.116226, -704.533691
1015, -27.197943, 115.304184, -710.429443
1016, -44.256760, 145.639862, -713.568359
1017, -73.065186, 167.566650, -716.820984
1018, -107.065323, 170.837830, -718.053162
1019, -139.248032, 162.612961, -719.345642
1020, -166.966812, 144.655838, -716.745605
1021, -182.109436, 111.412308, -722.408447
1022, -175.677521, 77.797783, -730.152344
1023, -153.803513, 51.049679, -738.021606
1024, 34.512486, 153.823944, -197.917236
1025, 62.065460, 133.764740, -199.056854
1026, 79.981384, 114.079132, -215.815765
1027, 62.678539, 134.142151, -235.372070
1028, 39.221100, 153.241623, -235.682587
1029, 10.769732, 170.636871, -233.685089
1030, -20.726337, 182.914185, -228.577560
1031, -52.912872, 193.034470, -223.303680
1032, -88.137497, 190.767319, -218.432114
1033, -115.984825, 175.574585, -212.096588
1034, -140.849487, 153.221542, -207.751511
1035, -155.033600, 122.278809, -206.129807
1036, -165.983200, 87.050652, -201.568283
1037, -165.701965, 54.536942, -200.748398
1038, -160.760681, 21.537991, -198.835205
1039, -151.897888, -10.427717, -200.437408
1040, -135.870712, -33.518822, -217.264740
1041, -149.265671, -12.841591, -235.561005
1042, -159.035767, 21.664223, -233.026489
1043, -166.945724, 53.167725, -231.677521
1044, -164.891541, 87.016167, -232.001495
1045, -156.108658, 121.010185, -234.694626
1046, -142.125961, 149.791107, -239.500793
1047, -117.853996, 174.940887, -243.366562
1048, -90.615051, 189.156479, -247.543213
1049, -55.246094, 197.080536, -252.051056
1050, -23.712357, 191.426193, -255.694550
1051, 6.910747, 176.063202, -259.008423
1052, 35.999023, 157.905624, -264.260620
1053, 59.602104, 137.322205, -269.301697
1054, 83.106796, 113.434174, -275.432465
1055, 86.728348, 88.294632, -296.206604
1056, 75.490234, 115.507294, -302.805847
1057, 53.874519, 143.707993, -297.445496
1058, 30.059723, 164.994919, -293.936646
1059, 3.494775, 182.695984, -290.335785
1060, -28.356712, 195.333557, -286.287445
1061, -63.142269, 195.857834, -285.387054
1062, -96.293823, 191.816345, -279.633301
1063, -124.660919, 173.143097, -274.997406
1064, -148.887268, 147.378235, -273.870209
1065, -161.195282, 117.693069, -271.697998
1066, -166.793640, 83.898895, -266.658722
1067, -161.988022, 49.134445, -266.258667
1068, -150.948517, 19.041870, -264.291870
1069, -134.282410, -11.136298, -264.085480
1071, -132.129868, -11.442717, -297.206787
1072, -146.936737, 20.342976, -297.435028
1073, -158.750244, 49.254799, -297.890167
1074, -166.046356, 83.512383, -297.726868
1075, -162.566422, 116.966660, -298.958252
1076, -151.356308, 149.057495, -302.009827
1077, -127.418091, 171.386581, -303.523163
1078, -99.643883, 186.872498, -307.534973
1079, -65.097458, 196.018295, -311.145416
1080, -32.048244, 193.043457, -316.058411
1081, 1.128865, 184.165268, -318.465668
1082, 27.769844, 166.315811, -322.699554
1083, 51.424492, 140.440704, -329.668549
1084, 64.997520, 112.379883, -336.584229
1085, 78.684906, 81.744446, -339.756073
1152, 5.647774, 175.009094, -198.313507
1153, -25.305609, 183.154907, -194.667358
1154, -57.624981, 188.059555, -188.966309
1155, -93.471390, 187.407806, -184.679840
1156, -120.764725, 168.423218, -179.169250
1157, -141.926147, 141.386032, -175.183685
1158, -158.541077, 111.555145, -172.155121
1159, -165.377197, 76.311371, -169.878632
1160, -167.055283, 45.126556, -167.975296
1161, -165.433289, 11.835266, -167.591537
1162, -157.871964, -21.560150, -167.674042
1163, -154.619690, -41.997841, -145.087097
1164, -165.050476, -9.824577, -137.412476
1165, -169.636215, 21.959991, -136.777283
1166, -167.539139, 56.827751, -137.535736
1167, -163.943680, 89.454544, -138.376297
1168, -153.633148, 120.322586, -142.953033
1169, -134.089417, 149.187531, -145.739136
1170, -108.449356, 171.431503, -149.687607
1171, -76.366684, 183.872803, -156.254761
1172, -43.824120, 183.625488, -163.357483
1173, -13.320570, 174.340317, -166.251129
1174, 17.416180, 158.828064, -167.341766
1175, 46.303215, 142.925827, -166.191895
1176, 70.964508, 118.966881, -162.853333
1177, 63.042641, 122.028732, -133.514526
1179, 8.010923, 159.393280, -132.835922
1180, -24.197384, 172.161011, -131.432419
1181, -57.909161, 178.909775, -132.048538
1182, -91.175674, 172.194275, -128.129807
1183, -118.844193, 156.012024, -122.141441
1184, -141.862656, 129.545715, -117.786674
1185, -158.727188, 101.751549, -112.555023
1186, -167.335632, 68.149284, -107.822502
1187, -170.708054, 35.915478, -105.068840
1188, -169.639008, 1.997635, -101.745438
1189, -163.784790, -30.770504, -102.222702
1190, -148.738800, -54.974800, -84.746841
1191, -163.995514, -32.349682, -68.138412
1192, -166.524704, 0.451297, -71.078186
1193, -169.325607, 32.080772, -74.373741
1194, -166.009659, 67.911377, -76.698105
1195, -156.289551, 99.485428, -81.867882
1196, -136.303467, 127.357346, -87.685242
1197, -113.564590, 149.254196, -91.522179
1198, -84.044945, 165.793854, -98.677002
1199, -51.418282, 166.877045, -103.758636
1200, -19.635963, 163.531326, -106.773674
1201, 14.177214, 152.248917, -109.469528
1202, 43.532574, 141.623199, -112.082870
1205, 9.205784, 150.618927, -74.457184
1206, -23.445356, 159.646973, -72.053062
1207, -56.709633, 163.218506, -72.316185
1208, -91.710129, 156.748337, -68.980606
1209, -118.512939, 138.540543, -67.505539
1210, -142.661743, 114.667130, -64.411423
1211, -157.562714, 82.267075, -61.138485
1212, -166.033020, 51.110607, -54.232189
1213, -164.272552, 17.052740, -47.715317
1214, -158.942413, -13.186026, -43.599098
1215, -153.502792, -47.794983, -41.060249
1283, 106.798241, -6.055673, 114.634201
1284, 116.293945, -37.917477, 116.180344
1285, 121.063957, -71.334457, 115.267487
1286, 113.659683, -104.915573, 112.691177
1287, 93.637871, -132.391266, 116.994621
1288, 64.958397, -151.563599, 121.738762
1289, 35.533676, -157.922852, 129.018906
1290, -0.213357, -155.359314, 135.110672
1291, -30.782211, -139.806458, 142.965561
1292, -55.987450, -120.140900, 145.614502
1293, -80.118744, -97.097000, 147.193893
1294, -101.752151, -72.130569, 143.727158
1295, -109.674957, -46.741638, 159.768341
1296, -92.419464, -71.174950, 177.697601
1297, -71.243645, -95.962402, 178.673813
1298, -47.555252, -122.340538, 178.428925
1299, -20.463209, -142.023499, 175.171432
1300, 10.750061, -156.401428, 171.143402
1301, 40.906639, -164.297974, 162.176208
1302, 75.464943, -155.094208, 152.521301
1303, 100.349106, -132.091461, 147.992767
1304, 112.362442, -102.039169, 145.244751
1305, 116.444153, -67.637115, 145.273331
1306, 116.821182, -36.321617, 147.080841
1308, 117.821548, -47.826088, 177.740723
1309, 122.251160, -81.300873, 178.251068
1310, 116.513908, -116.688965, 174.563110
1311, 101.376984, -145.510422, 179.161530
1312, 73.240814, -164.356659, 186.705292
1313, 39.506489, -167.386078, 195.634674
1314, 9.274334, -155.713272, 205.079453
1315, -21.540230, -144.685318, 206.546692
1316, -48.397316, -120.509720, 205.261566
1317, -68.074074, -94.707169, 203.810730
1318, -89.738518, -71.695984, 202.673340
1319, -101.333008, -44.730461, 221.254395
1320, -97.882652, -41.979980, 254.725769
1321, -91.038231, -39.388504, 286.505768
1322, -85.104530, -39.853500, 317.910400
1323, -75.677521, -35.902027, 350.565369
1324, -65.232689, -34.158195, 381.238708
1326, -49.891155, -64.508530, 390.186493
1327, -60.901016, -69.523712, 359.055786
1328, -71.409134, -71.421997, 330.474152
1329, -79.826233, -75.370148, 298.171814
1330, -83.829918, -77.299294, 265.168457
1332, -65.495644, -102.712296, 265.293518
1333, -64.834518, -103.701378, 297.555664
1334, -62.440350, -99.301743, 328.568115
1335, -48.428619, -95.037338, 360.456604
1336, -37.588726, -89.642868, 388.978607
1337, -25.897083, -85.848717, 417.909851
1338, -12.355003, -87.491539, 446.920837
1339, 5.477371, -90.941254, 473.493988
1344, -145.396454, 0.954265, 46.384888
1345, -147.430573, 33.326241, 43.992168
1346, -145.569244, 67.953094, 42.487495
1347, -133.365891, 100.770782, 37.192162
1348, -114.657677, 126.352951, 32.774475
1349, -88.826286, 147.523682, 30.092041
1350, -55.107872, 158.978378, 25.371159
1351, -22.003536, 154.570602, 22.657581
1352, 12.612011, 142.670578, 20.044106
1353, 42.042820, 125.586220, 22.217010
1354, 63.770889, 102.075043, 22.667435
1355, 83.967682, 73.230545, 22.280928
1356, 98.325333, 44.419445, 19.445417
1358, 113.524414, -23.126591, 14.832666
1359, 114.042999, -52.963760, 16.743973
1360, 109.685570, -89.511185, 16.634880
1361, 95.667648, -119.228416, 16.968027
1362, 67.616920, -140.737183, 20.429829
1363, 35.085495, -153.176941, 27.225048
1364, 2.190623, -152.178406, 31.133160
1365, -31.995155, -148.465820, 37.975819
1366, -61.783897, -136.775696, 40.906609
1367, -88.351250, -113.235870, 46.546368
1368, -106.856133, -85.514427, 47.130707
1369, -127.065109, -64.640930, 31.475658
1370, -114.228691, -87.019768, 16.407925
1371, -92.747513, -111.839409, 13.554638
1372, -67.089806, -134.206757, 7.958237
1373, -34.214561, -145.656769, 5.947335
1374, -3.517068, -153.864227, 3.033534
1375, 29.288746, -157.962341, -1.646197
1376, 63.576168, -145.839447, -7.099952
1377, 91.789215, -126.718536, -10.626077
1378, 110.283653, -97.063889, -12.994951
1379, 115.521690, -63.970238, -12.693235
1380, 113.637009, -30.274158, -12.509021
1381, 108.927841, 6.156161, -13.562795
1385, 42.112419, 120.738251, -13.809923
1387, -14.915767, 151.420288, -13.669127
1388, -48.887005, 159.572372, -9.223217
1389, -83.585724, 153.667267, -7.700165
1390, -110.647125, 134.006714, -1.986646
1391, -131.664337, 108.664734, 3.100273
1392, -145.457855, 77.310265, 7.807980
1393, -154.039276, 45.010765, 12.322253
1394, -153.402786, 12.622177, 15.845092
1395, -149.662720, -23.081657, 16.565639
1396, -136.289825, -48.267883, 4.705323
1397, -148.894165, -30.373978, -15.896113
1398, -154.073151, 2.368854, -20.900990
1399, -156.829330, 35.808804, -23.541683
1400, -154.381500, 68.330330, -26.263046
1401, -141.289078, 100.737999, -29.710255
1402, -123.077271, 130.437469, -32.639832
1403, -95.993126, 149.508942, -35.842026
1404, -63.283875, 161.928360, -40.965073
1405, -31.055965, 158.957977, -41.458031
1406, 3.502312, 145.676392, -43.007263
1407, 33.302238, 134.003235, -41.814064
1408, -125.302757, -0.582023, 172.529037
1409, -137.002228, 31.111423, 171.778046
1410, -142.190094, 64.715500, 171.150391
1411, -139.802094, 99.266869, 167.208405
1412, -124.554367, 130.603104, 161.687973
1413, -103.720543, 158.777756, 157.614288
1414, -70.279602, 171.959015, 154.926117
1415, -37.774975, 168.041122, 153.354095
1416, -5.089242, 157.387573, 151.256546
1417, 24.222649, 139.125488, 156.017700
1419, 22.790096, 139.370697, 188.994858
1420, -2.432483, 157.993164, 185.339157
1421, -34.181335, 172.898193, 182.214691
1422, -71.464218, 174.141998, 182.212799
1423, -103.347809, 162.232742, 182.310150
1424, -128.800430, 138.113586, 187.735809
1425, -139.767670, 106.590958, 193.954086
1426, -139.686569, 74.629448, 199.765961
1427, -129.143372, 41.966316, 201.965195
1428, -126.856003, 8.620567, 201.857788
1429, -114.432053, -23.526333, 204.001526
1430, -106.359276, -20.856628, 235.768982
1431, -101.051331, -14.545109, 269.083832
1432, -94.342957, -11.591080, 300.777161
1433, -87.953148, -8.507792, 333.011139
1434, -82.363853, -3.360707, 366.052490
1435, -76.464584, 5.096803, 397.699432
1437, -88.318954, 36.921543, 395.059387
1438, -95.570236, 30.301727, 361.441711
1439, -99.998993, 23.976957, 329.921356
1440, -104.867706, 18.199013, 296.534790
1441, -114.393883, 11.845813, 265.248749
1442, -113.142693, 27.315128, 235.546860
1443, -117.855919, 46.342693, 263.145996
1444, -110.833527, 53.867249, 296.191101
1445, -103.669846, 60.151974, 326.603821
1446, -99.771194, 66.194916, 358.973480
1447, -101.190361, 70.819824, 391.340271
1449, -113.025970, 99.651703, 387.218323
1450, -110.375015, 96.611923, 352.958221
1451, -109.551414, 90.969841, 319.886749
1452, -117.638763, 84.834305, 288.663940
1453, -120.429550, 80.134941, 256.100525
1455, -126.617760, 113.166618, 248.777588
1456, -119.719482, 117.976395, 280.358154
1457, -117.866318, 123.068588, 313.573242
1458, -119.092682, 123.726852, 343.610840
1459, -122.466705, 127.968414, 379.807922
1460, -116.757423, 125.729370, 410.263947
1461, -125.254524, 152.326416, 411.773651
1462, -133.887451, 150.347107, 374.908386
1463, -132.819214, 146.940231, 342.653687
1464, -125.737236, 148.152390, 310.065399
1465, -119.338699, 144.077789, 277.970398
1466, -118.862213, 139.667786, 243.226257
1467, -117.468613, 135.368698, 211.586243
1536, 133.628876, -319.638641, 193.434967
1537, 121.266045, -299.954468, 166.039917
1539, 161.045746, -254.088898, 131.151276
1540, 196.758087, -246.914047, 135.772308
1541, 225.549194, -261.993256, 151.208008
1542, 240.629883, -288.023590, 170.546188
1543, 231.194763, -319.883179, 186.974792
1544, 208.668716, -342.308014, 189.176056
1545, 178.097519, -354.867981, 173.220016
1546, 153.479584, -349.888763, 146.513245
1547, 143.502777, -328.858704, 119.356796
1548, 158.320343, -305.931000, 93.355362
1549, 187.905197, -285.908142, 83.146416
1550, 221.324020, -281.491821, 92.620354
1551, 248.681259, -299.715088, 109.037537
1552, 257.064026, -328.520813, 129.330444
1553, 247.094940, -358.658508, 143.658997
1554, 219.539948, -381.548157, 142.047150
1555, 189.857117, -389.323608, 123.748138
1556, 165.294235, -381.485321, 94.156052
1557, 162.179688, -359.487061, 67.874176
1558, 181.300323, -334.555176, 46.364647
1560, 248.018188, -318.689240, 48.858990
1561, 270.613159, -339.334900, 68.180550
1562, 275.739044, -368.998505, 85.441772
1563, 261.277313, -400.820190, 97.344017
1564, 232.890717, -422.308044, 91.876610
1565, 200.188965, -424.675507, 68.751884
1566, 184.154999, -407.641083, 41.924828
1567, 181.288467, -384.136780, 14.334807
1568, 213.984039, -366.168152, -3.860012
1569, 249.714951, -353.589691, -0.632049
1570, 279.129639, -365.881836, 13.677704
1571, 293.510315, -394.417786, 34.622387
1573, 262.001740, -448.466370, 55.342960
1574, 232.815460, -454.704468, 37.269939
1575, 209.343994, -448.191986, 6.530487
1576, 205.502899, -424.519287, -18.041050
1577, 220.595306, -401.569641, -42.505901
1578, 259.004333, -386.908447, -40.856880
1579, 291.367218, -393.968842, -32.611889
1580, 309.529419, -421.392426, -16.156532
1581, 306.536621, -451.958130, 1.546089
1582, 284.180145, -480.325531, 6.728902
1583, 251.882568, -487.959564, -6.640175
1584, 228.110931, -482.163025, -34.168621
1585, 223.469086, -458.215759, -60.940056
1586, 235.574768, -437.718567, -84.302292
1587, 272.484985, -423.339447, -93.760666
1588, 306.701874, -426.914062, -80.807304
1589, 326.234863, -450.797363, -59.134155
1590, 324.083740, -481.035980, -43.558578
1591, 297.444214, -506.263062, -34.139175
1592, 264.373230, -513.872437, -49.532204
1593, 240.341782, -502.501892, -78.253532
1594, 240.769730, -480.923981, -110.440750
1596, 299.267792, -450.703308, -131.945465
1597, 328.756226, -464.270264, -117.557304
1598, 339.607910, -492.312500, -93.632103
1599, 319.425171, -517.790405, -78.344467
1664, 121.429001, -245.472626, 368.418396
1665, 90.227036, -245.747116, 350.236542
1666, 74.434525, -227.924500, 322.944824
1667, 77.257492, -208.653687, 295.305725
1668, 81.838966, -186.781006, 269.234039
1670, 138.535400, -145.247528, 255.891541
1671, 168.840698, -143.419464, 273.046265
1672, 188.712814, -157.155579, 299.893982
1673, 193.426941, -183.738159, 323.132416
1674, 183.245728, -214.330200, 337.027832
1675, 163.460602, -242.148605, 343.700623
1676, 134.284653, -264.011078, 338.545349
1677, 101.927063, -264.191040, 321.680176
1678, 80.359779, -246.866486, 299.984131
1679, 73.917191, -220.182770, 277.025818
1680, 84.584595, -195.392975, 259.266418
1681, 106.274750, -172.745636, 243.598648
1682, 138.825043, -151.039764, 246.311829
1683, 171.303833, -152.091599, 257.588562
1684, 191.399811, -170.072723, 279.468384
1685, 201.138580, -198.031372, 296.849426
1686, 194.315414, -230.510681, 309.568329
1687, 175.042343, -258.819550, 314.143036
1688, 144.967987, -277.063568, 311.501678
1689, 110.083450, -278.104309, 297.340271
1690, 84.813148, -261.263855, 277.963226
1691, 78.941948, -235.852020, 255.525269
1692, 93.141068, -207.343506, 236.301559
1693, 119.338715, -187.011292, 224.593292
1694, 153.165222, -175.109329, 227.949646
1695, 185.803513, -183.967407, 240.463409
1696, 203.831848, -206.853363, 260.007507
1697, 204.868774, -236.382614, 278.179443
1698, 184.972687, -266.026123, 289.594696
1699, 158.134384, -285.567352, 287.804749
1700, 123.900848, -288.036499, 276.848694
1701, 99.179184, -275.866028, 254.402496
1702, 91.805954, -250.113251, 231.995346
1703, 100.062103, -223.486755, 212.716995
1704, 130.664948, -204.224823, 202.210938
1705, 168.685654, -193.044037, 204.976837
1706, 197.624863, -204.988190, 218.592896
1707, 214.290833, -231.333435, 237.245773
1708, 209.689194, -262.125000, 254.563400
1709, 191.021210, -286.768616, 266.146973
1710, 159.574051, -305.099884, 262.499573
1711, 127.963326, -300.922455, 249.943802
1712, 104.845909, -284.974945, 225.097260
1713, 105.722153, -257.788757, 200.235504
1714, 125.382942, -233.925308, 182.153748
1715, 158.377975, -220.928680, 174.150482
1716, 192.280075, -218.752808, 183.684570
1717, 216.722260, -237.934998, 202.054535
1718, 223.812424, -265.791290, 219.115143
1719, 206.355331, -294.989868, 235.350510
1720, 177.325516, -312.211304, 240.287292
1721, 145.787354, -318.596069, 228.373169
1722, 117.772797, -307.097534, 206.030136
1723, 114.480972, -279.866669, 182.234894
1724, 128.072556, -254.087799, 161.647644
1725, 162.336761, -236.637436, 154.608444
1726, 197.698517, -235.277023, 162.964233
1727, 220.772018, -256.519653, 180.754150
1728, 231.305725, -287.320892, 194.763412
1729, 211.925781, -316.057556, 209.509247
1730, 182.766403, -332.157227, 210.011414
1731, 153.395630, -338.289429, 183.758392
1732, 133.075409, -327.934875, 158.684097
1733, 132.778992, -303.446014, 133.688828
1734, 153.911194, -281.225464, 112.004967
1735, 187.928589, -266.595825, 106.194359
1736, 222.122650, -269.992767, 117.513077
1737, 245.427963, -288.485168, 137.939514
1738, 246.800903, -319.897430, 155.076431
1739, 230.868820, -349.027069, 165.750870
1740, 202.899017, -370.617188, 160.004456
1741, 171.597458, -374.382019, 137.878677
1742, 153.330536, -362.801758, 111.865875
1743, 152.112244, -337.364563, 88.553253
1744, 170.285568, -313.179810, 67.282745
1745, 203.789673, -296.188324, 64.150078
1746, 238.795807, -299.934174, 71.788162
1747, 263.018738, -318.289337, 89.895096
1748, 267.876801, -348.500092, 107.130859
1749, 254.217255, -376.719879, 120.691078
1750, 228.394592, -400.307983, 119.027832
1751, 196.191528, -409.983734, 97.467590
1752, 174.053314, -397.442719, 73.733368
1753, 171.648407, -373.278198, 48.665817
1754, 188.478256, -349.746918, 24.315277
1755, 219.776642, -333.407593, 18.562355
1756, 254.916870, -334.903748, 25.150593
1757, 278.677460, -351.382904, 40.777683
1758, 287.513641, -378.290833, 62.175262
1759, 278.747986, -408.857239, 74.082466
1760, 254.738861, -435.024750, 72.433685
1761, 224.824951, -443.548645, 56.901573
1762, 200.796982, -431.702118, 29.402237
1763, 196.283737, -407.935486, 4.446218
1764, 209.974411, -381.515320, -19.137770
1765, 239.941833, -368.409058, -25.959507
1766, 274.350769, -373.213318, -22.122458
1767, 298.448242, -395.757812, -3.010329
1769, 283.697388, -453.289612, 30.556622
1770, 255.245758, -473.122681, 22.212782
1771, 224.464478, -473.147217, -4.031873
1772, 211.957581, -456.200317, -29.843590
1773, 215.958008, -430.069519, -56.667984
1774, 246.823273, -409.260620, -68.529228
1775, 281.128296, -405.802124, -60.069958
1776, 309.089050, -421.556580, -41.480103
1777, 317.857239, -450.402222, -27.352064
1778, 304.926270, -481.885162, -15.981314
1779, 280.067017, -503.007904, -22.492619
1780, 247.195908, -506.644226, -46.727215
1781, 231.085007, -489.445557, -71.327766
1782, 229.330963, -465.915497, -99.100037
1783, 261.798035, -444.628235, -113.038582
1784, 299.028015, -437.595825, -107.911530
1785, 324.802429, -451.836182, -91.707672
1786, 334.472351, -483.259399, -71.733826
1787, 317.973053, -513.278137, -57.459999
1788, 288.997650, -532.286499, -61.862236
1789, 257.287933, -532.952087, -87.457489
1790, 245.996094, -511.246552, -113.905052
1791, 253.819611, -490.293610, -144.291687
1794, -184.443558, 318.112610, 274.663513
1795, -203.118576, 300.638458, 254.278290
1796, -203.418625, 280.735748, 222.090485
1797, -180.612473, 276.717285, 194.459641
1798, -147.100922, 292.346802, 176.238373
1799, -132.495300, 317.183655, 177.921249
1800, -123.117851, 352.487640, 192.822540
1801, -139.549805, 375.395630, 212.928131
1802, -169.404602, 379.316589, 232.866547
1804, -218.998138, 343.816101, 216.842316
1805, -226.283310, 322.806458, 190.719482
1806, -211.494385, 309.516937, 159.603516
1807, -186.478195, 312.290253, 135.932449
1808, -157.935349, 338.294067, 125.225067
1809, -140.150482, 366.882141, 131.053009
1810, -138.343552, 396.057800, 154.715012
1811, -160.213928, 414.715790, 176.246948
1812, -193.522217, 415.477997, 192.695816
1813, -223.677307, 402.891296, 194.213989
1814, -241.850037, 382.802429, 174.706970
1815, -247.889435, 362.792542, 147.495316
1816, -238.722702, 349.915710, 112.303276
1817, -211.276031, 355.755951, 92.445450
1818, -182.836716, 379.720062, 82.821434
1819, -165.469452, 404.585815, 92.932426
1820, -165.728882, 436.441528, 117.245819
1821, -184.929550, 456.416351, 138.268677
1822, -219.776154, 453.839539, 151.226151
1823, -253.193939, 439.761963, 149.862686
1824, -270.532135, 419.688446, 132.012955
1825, -275.177612, 398.818451, 100.032829
1826, -259.140778, 384.701111, 70.546082
1827, -232.834839, 389.857910, 45.776909
1828, -205.823700, 414.567566, 39.264290
1829, -190.094330, 441.644836, 54.366867
1831, -217.233231, 488.458923, 102.681076
1832, -252.226440, 492.891998, 115.519424
1833, -275.374512, 475.168457, 108.248543
1834, -294.239990, 454.363586, 83.179398
1835, -296.116791, 436.499634, 50.720001
1836, -274.929932, 428.913025, 23.783386
1837, -247.248505, 441.394897, 2.550315
1838, -221.550018, 467.625793, 3.869773
1839, -207.486252, 493.319031, 21.857510
1840, -216.096481, 518.898315, 47.676128
1841, -247.471771, 527.091187, 60.622723
1843, -299.799652, 505.061737, 55.969971
1844, -308.782898, 484.078979, 30.321774
1845, -301.990875, 463.538086, -4.058177
1846, -272.869537, 470.418518, -26.294155
1847, -247.111313, 495.834900, -32.172024
1848, -230.109772, 521.814209, -17.418560
1849, -237.878525, 547.676270, 5.022232
1850, -260.822205, 565.230835, 23.261944
1851, -294.585938, 568.497375, 37.145336
1852, -317.944824, 546.316406, 26.433767
1853, -326.993500, 525.121582, -0.624460
1854, -313.551331, 506.098389, -30.542046
1855, -287.248840, 496.532806, -52.715263
1857, -144.401047, 156.072479, 370.460205
1858, -140.271957, 154.628540, 336.188354
1859, -130.983597, 159.972946, 305.351074
1860, -117.110374, 168.759613, 276.328064
1862, -61.420151, 208.123520, 269.904663
1863, -46.872005, 225.219101, 294.763641
1864, -47.776886, 240.270981, 326.968567
1865, -57.119209, 251.377808, 357.290466
1866, -78.910278, 258.208923, 383.263184
1868, -136.456818, 226.203903, 395.623840
1869, -152.317749, 203.858917, 375.423859
1870, -162.492279, 179.575714, 344.066895
1871, -149.739532, 170.599045, 314.593628
1872, -129.675888, 171.696869, 285.379028
1873, -103.142380, 184.755905, 263.874329
1874, -78.867920, 211.582001, 262.799255
1875, -56.082653, 235.067902, 278.911133
1876, -50.273964, 254.719162, 307.767181
1877, -62.101540, 269.057343, 337.208862
1878, -88.040062, 276.354523, 360.484802
1880, -147.247879, 242.938828, 372.766052
1881, -165.169312, 218.337738, 354.465332
1882, -168.283737, 197.741547, 326.936798
1883, -156.307526, 181.323059, 296.708618
1884, -133.390350, 183.861923, 270.807312
1885, -99.817581, 202.855804, 255.860275
1886, -78.719513, 228.076813, 259.049103
1887, -63.628601, 254.277267, 279.558411
1888, -65.371063, 277.150574, 305.478699
1889, -84.782494, 290.336792, 331.477509
1890, -115.863037, 291.316528, 348.784729
1891, -147.577667, 270.975464, 351.116577
1892, -165.396225, 243.578888, 338.912659
1893, -170.023743, 217.682648, 316.152893
1894, -160.974213, 199.722885, 283.556030
1895, -139.997131, 200.417831, 257.897491
1896, -106.788300, 220.540527, 244.611145
1897, -85.281799, 246.942230, 247.223129
1898, -72.725853, 274.775238, 266.768555
1899, -81.748375, 296.693848, 294.539429
1900, -103.940430, 309.041809, 316.973846
1901, -137.562363, 292.762268, 331.300293
1902, -164.397156, 272.379150, 327.439758
1903, -178.328964, 245.796249, 306.672241
1904, -173.467072, 225.800598, 276.692932
1905, -152.543381, 217.489059, 251.237213
1906, -118.030701, 230.509369, 232.919586
1907, -95.818634, 258.514099, 230.524643
1908, -86.770988, 289.111053, 245.205719
1909, -92.289062, 314.433533, 270.416504
1910, -114.762131, 326.770386, 296.589386
1911, -144.860397, 311.970795, 313.405060
1912, -171.353760, 289.437103, 310.701599
1913, -185.366257, 262.928802, 291.824341
1914, -182.932678, 240.322174, 259.906433
1915, -161.714890, 233.732208, 232.666321
1916, -128.732773, 247.828598, 213.181976
1917, -107.905548, 273.075287, 210.599426
1918, -95.282791, 303.739075, 225.340240
1919, -110.569542, 330.419647, 248.016357
1984, -181.193710, 300.812561, 291.681763
1985, -194.630127, 274.634186, 271.683136
1986, -193.703308, 254.489120, 239.806976
1987, -175.073349, 251.641891, 211.954834
1988, -142.622574, 264.710205, 190.479523
1989, -119.771248, 290.760162, 188.966019
1990, -107.697952, 317.711975, 203.541595
1991, -113.560692, 346.850800, 225.411133
1992, -137.557800, 362.225037, 244.774597
1993, -171.645844, 356.685181, 257.886902
1994, -197.918488, 338.477539, 250.043457
1995, -215.492722, 318.655304, 227.465744
1996, -213.051392, 294.637665, 193.779968
1997, -194.267914, 289.179047, 166.538208
1998, -159.621643, 304.905701, 148.645065
1999, -138.174423, 332.622559, 149.385330
2000, -130.764069, 362.998993, 164.944199
2001, -142.728333, 389.063232, 187.365875
2002, -169.693039, 398.086670, 205.553604
2003, -205.264771, 390.977020, 214.645050
2004, -228.128891, 368.234589, 202.230270
2005, -236.391357, 346.514893, 176.843475
2006, -229.029816, 328.844391, 141.714508
2007, -202.337448, 329.567017, 117.809845
2008, -173.996521, 347.667084, 104.727592
2009, -155.957779, 379.765717, 111.289177
2010, -149.926132, 409.313232, 134.469955
2011, -170.394653, 429.611664, 156.821899
2012, -203.377106, 434.034424, 171.394516
2013, -235.490936, 421.622437, 171.817108
2014, -252.735657, 401.051636, 153.221573
2015, -259.065002, 380.402191, 120.863266
2016, -243.918091, 366.128601, 89.057114
2017, -217.095490, 373.615234, 67.955231
2018, -190.712265, 401.589233, 62.308804
2019, -177.337372, 429.275391, 75.650970
2021, -203.742859, 475.860291, 125.028641
2022, -239.509354, 471.380371, 134.430389
2023, -264.558136, 451.006958, 126.302094
2024, -277.899994, 430.066711, 99.468002
2025, -276.020508, 413.896545, 65.019676
2026, -253.871704, 410.503784, 35.942699
2027, -224.666489, 425.470398, 19.177753
2028, -203.305542, 458.416199, 24.660139
2029, -197.735138, 490.104675, 51.613468
2030, -219.378448, 503.523529, 75.701462
2031, -250.946396, 511.144287, 91.091698
2032, -281.847717, 496.860931, 88.874298
2033, -299.404510, 476.665588, 64.918732
2034, -297.827881, 458.327515, 32.002697
2035, -278.349915, 449.227753, 3.902194
2036, -246.470581, 462.432007, -14.236408
2037, -227.805908, 494.912140, -3.796559
2038, -223.964417, 525.655273, 17.491531
2039, -245.829926, 545.776245, 37.774384
2040, -279.538086, 547.627930, 53.060181
2041, -304.419830, 531.164185, 43.189148
2042, -317.693848, 508.966644, 16.674843
2043, -309.337036, 493.510864, -17.058201
2044, -283.401794, 488.588135, -40.847893
2045, -257.653320, 514.168579, -45.555332
2046, -244.089050, 541.964478, -24.669727
2050, -67.633270, 239.855103, 403.571838
2051, -51.817314, 229.548492, 374.535858
2052, -38.741051, 215.314545, 347.952606
2053, -25.704367, 201.981201, 318.424683
2054, -20.148617, 187.694931, 289.596649
2055, -18.678671, 174.090942, 258.673645
2056, -8.281375, 170.341476, 226.111572
2058, 7.125170, 152.287231, 232.229156
2059, -2.731534, 161.945755, 262.943726
2061, -8.415415, 184.311890, 325.563904
2062, -14.162603, 196.913177, 356.080139
2063, -28.045029, 208.779648, 385.927795
2064, -45.552963, 213.600632, 412.717987
2066, -104.174507, 192.255188, 438.155151
2067, -125.100121, 167.216446, 434.004333
2070, -41.360661, 178.621338, 426.604614
2071, -21.040855, 171.055969, 397.838135
2072, 0.204508, 162.058899, 377.619019
2073, 12.680548, 127.313232, 370.382904
2074, 32.306625, 100.376465, 364.633270
2075, 47.632118, 72.199242, 364.441986
2076, 63.877941, 41.888805, 364.875122
2077, 78.351837, 11.191042, 365.389740
2078, 89.664047, -21.422409, 365.649139
2079, 101.727753, -52.557037, 365.310486
2080, 107.372551, -77.297539, 389.991455
2081, 110.601837, -94.537659, 417.594238
2082, 109.127869, -119.420250, 441.414246
2085, 35.922905, -173.561188, 428.723206
2087, 88.260933, -133.301254, 448.410034
2088, 108.942032, -107.744507, 440.974182
2089, 114.371536, -75.574516, 430.657104
2090, 103.818108, -43.715576, 421.188232
2091, 84.715744, -17.272663, 414.278931
2092, 63.721138, 9.996788, 409.590668
2093, 45.522606, 36.562012, 408.418274
2094, 31.122917, 65.433563, 412.117126
2095, 19.009249, 95.369080, 417.413666
2096, 5.452343, 124.196594, 428.590179
2097, -19.025421, 147.105164, 439.429016
2098, -47.767632, 159.660065, 447.679749
2112, 50.482937, 114.841995, 118.067162
2113, 27.145138, 141.000671, 117.094078
2114, -3.725098, 156.416534, 117.426956
2115, -34.498802, 164.916229, 116.428650
2116, -68.831345, 164.854156, 122.739502
2117, -100.159805, 151.697495, 126.547264
2118, -124.595642, 128.703949, 133.184662
2119, -137.078552, 96.341019, 137.477509
2120, -139.940521, 62.813972, 144.156235
2121, -139.300308, 27.893616, 147.471222
2122, -131.823700, -3.469890, 146.880829
2123, -125.017868, -27.237629, 130.398193
2124, -135.849335, -2.116369, 114.735802
2125, -140.956665, 31.020611, 112.825150
2126, -139.810303, 65.148849, 108.113335
2127, -134.922791, 96.990288, 106.157730
2128, -118.571106, 126.643402, 100.794510
2129, -92.215027, 149.063004, 97.142776
2130, -61.084255, 161.410248, 92.846283
2131, -27.116348, 159.207916, 89.421715
2132, 5.546453, 147.333160, 89.175598
2133, 33.784103, 126.017052, 92.225662
2134, 49.327522, 99.421211, 90.638016
2135, 73.551071, 73.556793, 88.940796
2136, 84.860603, 41.570557, 85.210030
2137, 96.812614, 12.215036, 89.240097
2138, 110.084160, -22.298679, 94.634140
2139, 116.252525, -54.340759, 94.121979
2140, 115.806908, -88.126610, 86.992821
2141, 100.968132, -118.174118, 81.965927
2142, 74.816666, -144.415253, 85.301804
2143, 42.799393, -156.415649, 92.188728
2144, 11.178038, -151.081696, 99.476479
2145, -20.724751, -143.318176, 107.424690
2146, -52.868828, -129.382980, 108.014816
2147, -78.060204, -108.291534, 113.122070
2148, -100.838127, -84.078247, 109.945038
2149, -115.512878, -63.066048, 89.896698
2150, -102.809349, -89.811066, 79.374535
2151, -78.843742, -115.377274, 78.507484
2152, -51.681290, -133.947998, 75.919945
2153, -21.589569, -150.476990, 74.866531
2154, 12.519232, -156.366699, 66.936714
2155, 45.364983, -155.898285, 60.389877
2156, 77.918839, -140.043762, 53.527229
2157, 101.502655, -116.599510, 46.496498
2158, 115.997665, -87.191063, 45.479546
2159, 116.299576, -52.548340, 45.218803
2160, 107.861679, -17.286366, 46.034607
2163, 74.070847, 77.181503, 51.473537
2164, 55.040237, 102.997040, 45.253891
2165, 31.293163, 127.188583, 45.104355
2166, 3.734551, 146.374069, 47.319260
2167, -27.224510, 157.023163, 51.731812
2168, -61.075451, 159.949707, 60.755241
2169, -93.518791, 146.742966, 66.538605
2170, -119.023758, 124.967918, 71.793648
2171, -134.676788, 94.994736, 75.967834
2172, -143.744476, 62.091976, 79.807739
2173, -146.516510, 28.649155, 83.218933
2174, -139.721542, -3.903642, 85.131241
2175, -131.584778, -36.047646, 86.652245
2368, -46.636150, -120.181015, 259.527466
2369, -38.837120, -122.110870, 295.579651
2370, -38.642715, -120.808640, 327.699280
2371, -26.860840, -116.804169, 359.953308
2372, -23.388958, -116.758896, 391.225769
2374, -0.119085, -138.615463, 397.247375
2375, 0.141803, -139.930389, 364.157654
2376, -1.378424, -139.014999, 331.572113
2377, -8.071936, -139.723633, 298.126892
2378, -10.969297, -138.530457, 264.587219
2379, -0.264011, -146.496536, 236.694107
2380, 12.282665, -160.198990, 263.661865
2381, 16.402538, -156.589661, 296.715271
2382, 19.324602, -155.050842, 328.250488
2383, 23.548307, -158.094589, 361.327484
2384, 24.066961, -164.670258, 392.324554
2387, 46.441223, -175.465088, 360.406097
2388, 44.438530, -173.838669, 326.971466
2389, 43.533478, -171.929077, 294.860352
2390, 38.531521, -174.888092, 262.072449
2391, 33.447620, -173.467651, 229.913513
2392, 56.688370, -169.008896, 210.636353
2393, 88.759773, -155.393311, 203.675049
2394, 94.492714, -153.619858, 234.387573
2396, 77.649467, -175.958069, 293.546204
2397, 73.612610, -182.163528, 326.916443
2398, 68.725250, -193.240173, 356.820129
2399, 65.392181, -197.677979, 390.645111
2400, 71.985596, -198.790207, 423.029022
2402, 119.376541, -148.507263, 438.796631
2403, 124.317497, -121.523216, 419.776184
2404, 125.725082, -102.832474, 390.805664
2405, 128.195847, -93.061569, 360.324188
2407, 129.277481, -87.010422, 294.728088
2408, 123.584404, -85.973106, 261.904510
2410, 125.626755, -106.148071, 225.209930
2411, 127.825668, -104.739426, 257.421143
2412, 136.760330, -93.581711, 287.710388
2414, 145.544281, -88.511154, 352.858704
2415, 152.136688, -112.714691, 379.014526
2416, 146.959976, -140.498047, 399.988220
2417, 137.348480, -169.062363, 414.228394
2418, 117.305222, -195.799271, 418.106262
2420, 60.702156, -226.654755, 389.584351
2421, 93.929169, -228.370911, 386.237000
2422, 126.134544, -226.451035, 393.053223
2423, 152.787598, -203.212708, 393.268250
2424, 167.687973, -173.847412, 382.334351
2425, 169.094116, -144.224091, 365.919617
2426, 159.644119, -116.849457, 346.006683
2428, 167.690445, -131.670593, 321.880005
2429, 174.586411, -160.648819, 339.893341
2430, 172.892014, -192.549438, 352.838684
2431, 164.561218, -224.071396, 365.096039
2432, 143.915222, -80.797073, -161.108582
2433, 147.018555, -48.217178, -163.094772
2434, 148.536514, -15.039021, -160.544907
2435, 143.854095, 16.379501, -177.949127
2436, 150.175705, -11.930576, -194.618256
2437, 148.498856, -46.023102, -191.203094
2438, 147.780960, -78.716736, -191.188766
2439, 142.844452, -113.689148, -192.796356
2440, 126.248352, -142.495041, -193.564682
2441, 102.367851, -167.505173, -191.945969
2442, 68.809357, -179.507629, -191.894577
2443, 40.562607, -189.186859, -189.647888
2444, 5.095818, -189.044861, -186.443848
2445, -27.574043, -180.916229, -180.372528
2446, -59.004341, -164.661545, -176.201599
2447, -82.557655, -140.935516, -172.664551
2448, -103.638794, -116.587021, -170.111237
2449, -121.252098, -86.867035, -166.881805
2450, -133.056274, -65.503624, -184.341003
2451, -117.429131, -87.916405, -199.780884
2452, -97.317612, -114.607330, -205.704956
2453, -78.080322, -140.466705, -213.501434
2454, -54.881527, -165.100494, -216.492462
2455, -24.728367, -183.145477, -220.120178
2456, 8.911406, -188.740051, -218.742111
2457, 42.696228, -188.060272, -219.446960
2458, 75.086845, -179.737778, -221.113831
2459, 109.245224, -167.903198, -222.300583
2460, 131.648407, -143.511108, -223.970734
2461, 144.946899, -111.630516, -224.398865
2462, 151.103622, -78.854965, -220.994324
2463, 150.904205, -44.766140, -220.717194
2464, 147.006134, -11.198165, -221.664398
2465, 141.974976, 18.179535, -239.152496
2466, 147.075485, -15.131998, -253.094116
2467, 150.309189, -47.449387, -254.926926
2468, 151.433350, -81.511269, -256.920746
2469, 142.117126, -113.556908, -256.528992
2470, 127.310295, -147.805710, -256.836609
2471, 103.656326, -169.311264, -255.535522
2472, 74.703590, -186.665009, -253.259735
2473, 41.132439, -196.023682, -249.352402
2474, 6.280000, -192.936752, -249.573227
2475, -25.934673, -183.498093, -245.681747
2476, -53.018867, -165.584442, -240.400192
2477, -77.918472, -140.291580, -237.690826
2478, -96.197258, -112.735260, -235.535919
2479, -113.284149, -84.765282, -233.150253
2480, -116.008377, -59.903870, -253.007080
2481, -107.788353, -84.080353, -264.157532
2482, -93.652565, -114.589081, -269.841766
2483, -77.796898, -143.492630, -271.357361
2484, -55.025894, -171.226532, -271.479828
2485, -28.080389, -190.013336, -272.191406
2486, 4.723126, -198.152740, -273.045380
2487, 40.476028, -197.251923, -274.619934
2488, 74.254082, -187.063644, -279.620270
2489, 102.190155, -171.867966, -285.137756
2490, 126.027519, -146.878311, -284.888489
2491, 141.543777, -116.069725, -285.291626
2492, 150.682632, -83.925812, -284.729736
2493, 150.407684, -48.934189, -282.610107
2494, 143.187683, -18.937943, -282.317444
2495, 132.703003, 13.436374, -280.842468
2496, 140.943024, -108.634789, -164.041779
2497, 124.162987, -139.268188, -163.584747
2498, 100.486099, -161.715210, -161.009567
2499, 68.868027, -177.451584, -158.860611
2500, 37.934994, -187.696396, -156.489410
2501, 2.205787, -189.353561, -149.062195
2502, -28.938681, -179.945343, -141.830017
2503, -60.331078, -166.089081, -139.157700
2504, -85.507988, -142.858307, -136.317017
2505, -106.681931, -116.262711, -134.979919
2506, -126.297897, -92.349991, -135.562653
2507, -139.605087, -70.348549, -119.195862
2508, -124.218063, -95.829559, -106.864487
2509, -102.338104, -121.069016, -105.983543
2510, -76.147484, -145.309204, -105.680771
2511, -48.681549, -165.298996, -107.954849
2512, -18.264030, -180.400696, -115.011292
2513, 15.539465, -185.019806, -120.856491
2514, 46.933823, -183.575775, -125.939262
2515, 79.278664, -171.230011, -132.051010
2516, 107.586754, -154.271866, -132.508881
2517, 128.237640, -125.441071, -132.079468
2518, 137.815323, -92.856171, -133.425034
2519, 142.632629, -59.935692, -133.886780
2520, 143.851227, -26.623070, -135.802704
2522, 137.785980, -19.856682, -105.005798
2523, 137.672897, -51.811462, -103.675362
2524, 134.453857, -87.195763, -101.929886
2525, 123.063011, -119.631073, -101.585838
2526, 102.347198, -145.181152, -101.477013
2527, 75.694481, -168.265656, -97.793243
2528, 44.388840, -179.904846, -92.882645
2529, 10.888025, -180.759125, -86.272903
2530, -22.602695, -170.052826, -83.827904
2531, -54.487694, -156.756348, -82.932106
2532, -81.455933, -135.309082, -79.551880
2533, -106.159363, -114.172684, -76.638733
2534, -128.210007, -87.900146, -75.029953
2535, -129.077637, -79.671585, -45.692131
2536, -109.991356, -104.007561, -40.058464
2537, -86.182205, -129.528397, -45.637249
2538, -57.600380, -147.551559, -50.657341
2539, -28.338509, -161.553406, -53.769493
2540, 6.175122, -170.853882, -56.014683
2541, 41.113083, -171.410736, -59.417908
2542, 73.498657, -160.198425, -66.550400
2543, 99.730835, -136.673889, -71.523140
2544, 116.740799, -108.231552, -73.308403
2545, 126.650734, -75.049911, -78.350914
2546, 130.608047, -42.715263, -75.098129
2548, 120.953613, -21.546703, -48.704193
2550, 112.220360, -87.977371, -42.969921
2551, 100.098160, -120.440857, -41.671608
2552, 79.087509, -147.116348, -37.702328
2553, 47.793407, -162.925049, -34.119987
2554, 14.141661, -167.353210, -27.174860
2555, -16.201349, -158.437622, -23.647243
2556, -52.160351, -152.854523, -22.600773
2557, -80.659866, -134.584442, -19.294678
2558, -101.309082, -110.756462, -16.501034
2559, -122.266991, -82.301399, -11.701122
49, 98.134857, -143.231354, -957.115051
107, 92.094917, -147.063293, -925.174255
261, 106.742477, -4.033763, -337.669830
268, 86.495605, -175.089111, -300.412964
277, -89.414917, -68.074196, -319.189514
381, -51.809952, -56.092533, -454.603271
386, 4.983026, -34.742214, -476.447144
388, -51.354721, -60.997818, -478.890869
418, -27.559368, -54.704678, -597.745605
433, -34.138283, -73.290939, -658.105835
490, -25.301987, -61.942135, -630.300903
652, -77.791931, 8.350924, -536.644409
669, -50.637833, 26.779116, -609.048340
753, -37.441532, 120.314903, -983.092041
847, -143.179962, 45.660530, -399.478546
850, -62.593735, 2.054123, -415.820190
852, -2.778700, 24.251110, -427.038422
869, -15.128132, 22.768322, -453.196167
884, -79.699776, 3.863065, -476.879028
886, -21.261274, 28.348660, -487.480652
903, -107.599960, -9.328047, -357.341125
919, 62.129318, 62.370171, -378.671631
966, -36.096039, 21.326937, -514.722290
982, -50.630783, 25.048889, -576.940796
998, -44.556793, 38.196396, -639.173096
1070, -133.206146, -11.289507, -280.646118
1178, 35.526783, 140.710999, -133.175232
1307, 117.321365, -42.073853, 162.410782
1325, -57.561920, -49.333363, 385.712585
1331, -74.662781, -90.005798, 265.230988
1357, 105.924873, 10.646427, 17.139042
1386, 13.598326, 136.079269, -13.739525
1418, 23.506372, 139.248093, 172.506287
1436, -82.391769, 21.009172, 396.379395
1448, -107.108170, 85.235764, 389.279297
1454, -123.523651, 96.650780, 252.439056
1538, 141.155899, -277.021667, 148.595596
1559, 214.659256, -326.622192, 47.611816
1572, 277.756042, -421.442078, 44.982674
1595, 270.018768, -465.813660, -121.193108
1669, 110.187180, -166.014267, 262.562805
1768, 291.072815, -424.523712, 13.773147
1803, -194.201370, 361.566345, 224.854431
1830, -203.663788, 465.051880, 78.523972
1842, -273.635712, 516.076477, 58.296349
1861, -89.265259, 188.441559, 273.116364
1867, -107.683548, 242.206421, 389.443512
1879, -117.643967, 259.646667, 366.625427
2020, -190.540115, 452.567841, 100.339806
2057, -0.578103, 161.314362, 229.170364
2060, -5.573474, 173.128815, 294.253815
2065, -74.863739, 202.927917, 425.436584
2086, 62.091919, -153.431213, 438.566620
2373, -11.754022, -127.687180, 394.236572
2395, 86.071091, -164.788971, 263.966888
2401, 95.681068, -173.648743, 430.912842
2406, 128.736664, -90.035995, 327.526123
2409, 124.605576, -96.060593, 243.557220
2413, 141.152313, -91.046432, 320.284546
2419, 89.003693, -211.227020, 403.845306
2427, 163.667282, -124.260025, 333.943359
2521, 140.818604, -23.239876, -120.404251
2547, 125.780830, -32.130981, -61.901161
2549, 116.586990, -54.762039, -45.837059
