0, 69.629707, -161.218628, -715.058289
1, 91.379028, -133.590759, -728.009399
2, 96.827820, -95.902397, -733.149902
3, 68.588821, -74.504448, -737.050476
4, 36.942112, -50.811348, -745.340271
5, 0.993613, -55.888519, -748.595520
6, -32.415890, -72.741974, -758.364868
7, -47.356781, -104.765434, -764.115601
8, -54.243011, -140.061890, -767.855225
9, -41.765720, -172.972687, -770.359497
10, -17.642822, -206.874802, -766.893311
11, 16.853233, -203.639679, -770.217163
12, 52.946243, -203.277832, -772.656006
13, 82.021164, -174.750366, -777.182739
14, 94.236778, -144.369797, -783.905640
15, 101.541763, -102.910484, -788.501221
16, 75.577728, -77.635323, -797.730591
17, 40.187248, -63.889706, -804.362000
18, 5.841500, -69.549225, -812.783569
19, -13.240033, -92.209244, -825.963013
20, -35.484703, -122.566063, -825.765808
21, -47.992016, -162.439392, -824.932251
22, -19.718349, -182.454803, -826.327637
23, 8.150142, -208.496262, -821.476929
24, 47.592377, -213.612885, -824.888794
25, 80.090729, -187.597580, -830.336304
26, 95.971405, -158.501831, -840.528442
27, 98.655083, -121.525620, -846.727173
28, 84.575409, -92.297783, -856.518555
29, 53.885960, -84.556007, -866.353638
30, 17.243454, -70.806763, -870.649658
31, -0.262326, -94.224602, -877.496094
32, -23.844322, -123.065186, -886.464233
33, -37.086487, -162.126343, -886.179382
34, -13.408457, -195.786499, -885.058472
35, 23.262808, -213.199448, -886.288330
36, 57.717846, -207.698883, -887.870361
37, 87.594193, -181.013428, -893.622192
38, 99.816101, -148.953934, -902.686401
39, 106.512863, -109.259766, -909.782471
40, 81.232384, -84.907333, -917.985229
41, 39.722252, -64.281204, -927.947327
42, 16.315874, -85.025116, -935.618164
43, -9.458403, -108.211334, -944.210571
44, -18.268814, -145.636322, -947.513855
45, -9.087577, -178.265656, -947.157898
46, 17.890316, -210.171249, -944.592957
47, 58.012264, -216.607101, -949.125366
48, 83.702225, -194.897751, -958.269592
50, 116.052513, -121.282425, -969.328003
51, 92.116264, -98.536133, -977.433777
52, 58.250484, -77.219635, -986.415955
53, 26.544985, -86.410988, -993.881226
54, -0.087357, -108.182846, -1002.084106
55, -19.350475, -150.217133, -1003.833740
56, 4.559495, -176.213226, -1006.642761
57, 32.919624, -204.475754, -1006.837341
58, 71.219795, -207.940277, -1009.616821
59, 107.050987, -183.260910, -1015.060425
60, 118.179749, -143.888428, -1014.795898
61, 112.559326, -109.750397, -1022.483276
62, 86.865234, -88.697853, -1029.327271
63, 49.020531, -87.031189, -1041.661377
64, -39.949394, -91.055252, -732.122681
65, -55.342896, -127.268707, -733.025146
66, -52.627590, -164.149048, -733.552673
67, -27.453178, -195.435944, -734.231628
68, 5.052292, -207.897507, -735.645874
69, 42.192719, -206.510117, -740.409363
70, 64.540619, -181.118134, -745.962158
71, 93.061462, -152.989441, -756.045837
72, 95.796860, -117.845993, -760.365356
73, 82.452957, -87.067795, -765.754272
74, 53.690933, -71.297874, -773.034790
75, 18.633039, -65.064201, -780.980957
76, -9.949892, -74.492630, -789.276001
77, -40.701561, -100.017235, -792.979736
78, -48.700668, -138.691559, -796.680664
79, -39.723568, -170.712082, -797.062012
80, -15.452315, -204.006866, -795.695190
81, 24.610382, -211.193527, -799.567322
82, 58.764000, -204.710480, -798.099548
83, 85.361084, -175.950714, -805.478210
84, 104.342705, -142.215973, -812.396973
85, 101.743652, -104.360161, -819.298706
86, 75.888000, -83.148209, -828.259399
87, 40.662746, -68.421829, -838.055359
88, 7.042945, -73.667953, -843.554321
89, -26.558193, -94.259613, -852.575562
90, -28.306494, -129.069870, -859.453308
91, -37.662048, -167.502197, -856.289917
92, -15.018658, -206.064133, -852.970093
93, 20.349590, -205.093323, -854.947388
94, 58.252472, -203.652802, -856.705505
95, 86.026901, -176.308380, -863.983276
96, 104.362228, -142.528229, -872.505615
97, 102.231003, -106.066307, -881.456970
98, 71.959335, -89.444687, -890.879517
99, 40.281849, -71.087311, -900.911621
100, 8.074949, -81.934418, -906.187378
101, -15.674273, -106.732811, -914.654968
102, -23.779196, -143.943390, -914.649292
103, -16.476765, -176.639038, -915.213135
104, 9.374627, -208.818878, -911.418640
105, 50.624191, -219.209473, -914.924744
106, 78.922264, -197.568512, -922.210754
108, 114.802101, -117.645065, -938.902588
109, 88.244766, -96.548912, -948.502319
110, 58.549313, -72.657646, -959.771240
111, 25.152983, -79.574379, -965.718628
112, -3.281816, -102.615562, -973.882812
113, -11.583086, -139.907288, -977.630554
114, -7.355196, -174.380402, -977.978271
115, 18.821430, -208.395065, -977.877136
116, 59.085064, -218.275864, -982.612000
117, 82.955452, -193.911224, -984.705994
118, 109.262695, -162.630997, -992.567383
119, 107.489014, -126.642845, -995.141785
120, 91.321564, -99.308578, -1004.785583
121, 60.540356, -78.412933, -1016.576172
122, 30.292866, -87.075027, -1023.377808
123, 6.262164, -113.169769, -1033.743164
124, -10.287420, -153.541229, -1033.046143
125, 14.951415, -177.779724, -1034.081787
126, 45.570320, -212.288925, -1026.503052
127, 79.060577, -193.197296, -1030.335449
256, 144.683823, -144.574677, -319.626892
257, 141.042938, -112.821503, -333.478943
258, 132.342010, -81.702766, -345.816742
259, 130.715118, -46.101593, -356.613586
260, 110.266312, -20.387115, -358.199677
262, 134.095734, -14.819944, -325.198212
263, 145.605804, -49.773315, -322.760834
264, 143.969391, -82.788231, -319.673218
265, 143.879761, -116.979271, -316.194580
266, 118.202652, -144.439789, -309.614563
267, 99.152023, -171.425323, -303.076324
269, 37.414696, -191.014023, -302.276367
270, 4.536250, -195.205902, -310.463165
271, -30.239319, -193.629913, -313.456757
272, -54.185177, -160.874405, -316.120850
273, -81.868683, -138.543365, -314.136078
274, -75.166679, -102.397331, -312.513123
275, -83.031860, -69.746902, -306.959167
276, -84.247093, -34.785622, -304.478882
278, -81.997559, -49.294197, -338.514404
279, -75.957718, -80.778450, -343.073792
280, -87.121735, -120.387894, -343.612640
281, -69.398842, -149.694641, -341.344696
282, -50.421703, -178.842346, -340.743408
283, -15.986839, -199.252121, -337.748779
284, 22.690464, -213.186096, -335.972015
320, 124.083069, -151.847092, -347.763184
321, 142.544342, -121.104080, -361.611053
322, 143.723602, -86.958969, -369.774597
323, 132.575867, -49.895462, -374.223602
324, 103.802750, -31.212629, -378.202759
325, 67.912796, -22.176401, -384.320923
329, -74.435890, -35.108208, -364.404663
330, -72.100357, -62.628609, -363.779999
331, -83.166771, -95.930038, -364.771484
332, -82.798729, -136.281769, -365.902893
333, -58.203991, -161.883881, -367.000366
334, -35.373928, -198.309540, -363.977753
335, -2.907730, -205.863739, -361.962006
336, 40.476509, -216.062057, -365.050751
337, 64.765884, -195.028595, -364.405121
338, 102.630630, -179.954834, -373.101074
339, 124.119614, -149.870346, -381.498657
340, 128.167999, -115.478317, -389.845886
341, 136.243530, -77.106728, -398.263916
342, 113.722656, -52.979015, -402.351440
343, 83.099159, -34.473343, -405.425873
348, -71.111832, -60.354126, -392.493988
349, -81.831535, -94.765900, -391.990814
350, -78.836281, -134.579834, -391.555115
351, -58.075287, -163.296875, -390.703339
352, -35.267685, -201.196533, -390.122803
353, -2.388257, -208.040985, -391.191711
354, 32.748302, -210.441833, -396.188446
355, 68.393692, -203.452026, -401.886566
356, 110.788536, -182.164459, -411.134369
357, 120.586853, -149.054688, -418.312378
358, 117.188255, -115.611435, -425.621033
359, 122.825157, -75.702835, -429.379883
360, 96.843681, -52.936172, -428.605591
361, 59.252144, -41.040478, -429.506714
364, -59.602089, -25.452358, -422.267456
365, -60.885159, -51.645241, -421.321259
366, -64.645035, -86.401474, -422.089722
367, -80.021873, -125.226440, -420.194153
368, -60.611916, -153.239792, -421.530212
369, -40.813690, -186.779877, -422.623413
370, -8.840850, -208.133514, -422.763184
371, 25.855537, -202.903732, -428.594452
372, 65.116356, -209.576965, -432.342529
373, 88.183975, -183.916779, -440.502136
374, 116.260620, -154.532562, -449.969116
375, 111.965843, -121.638725, -454.990936
376, 115.720337, -79.107750, -455.517761
377, 90.662918, -58.386070, -455.613586
380, 7.512123, -15.474133, -458.533325
382, -67.913750, -56.205410, -458.375305
383, -62.372860, -92.927513, -457.228943
384, 88.358398, -63.491600, -475.858154
385, 57.077713, -45.555614, -477.484619
387, 6.617894, -21.160156, -483.651550
389, -67.095604, -61.206474, -482.056030
390, -68.711395, -96.342957, -484.438416
391, -77.176414, -135.992340, -482.844421
392, -53.822205, -159.378448, -484.378662
393, -30.324957, -187.874924, -487.044159
394, 2.159641, -203.408081, -488.003143
395, 38.271713, -204.101013, -498.372620
396, 70.348129, -192.575806, -505.904510
397, 100.890015, -164.820358, -516.387817
398, 96.437401, -132.722534, -522.845886
399, 103.811424, -92.790131, -526.824219
400, 77.375298, -66.174393, -531.312622
401, 47.456661, -51.777557, -535.203369
404, -57.430550, -41.987549, -544.440552
405, -66.705719, -75.896355, -547.022583
406, -62.615562, -110.332932, -549.257385
407, -68.890106, -148.403381, -546.528992
408, -42.296120, -171.188263, -547.595825
409, -18.257254, -203.794861, -548.081421
410, 19.608131, -207.917709, -555.358948
411, 54.266937, -199.357788, -560.655273
412, 81.572983, -174.512009, -569.436829
413, 94.721100, -142.181992, -577.510681
414, 102.767990, -101.181244, -582.378784
415, 81.476051, -73.022278, -588.391357
416, 54.090157, -54.974068, -593.102173
417, 23.830227, -44.439819, -597.620850
419, -65.653389, -50.389626, -602.416748
420, -59.001263, -80.171082, -608.419067
421, -68.609894, -116.029221, -609.678955
422, -66.407227, -155.488129, -606.913574
423, -46.056072, -186.865356, -609.473694
424, -13.819072, -205.104218, -611.387207
425, 25.121845, -203.717987, -617.793640
426, 55.337036, -193.041199, -621.846130
427, 81.681107, -165.712692, -630.739319
428, 92.866081, -134.869354, -639.338501
429, 98.870041, -94.903183, -644.872559
430, 75.068283, -68.976341, -649.219971
431, 47.672958, -49.133041, -653.947083
432, 13.019252, -42.377464, -658.533630
434, -49.776085, -73.421425, -664.957520
435, -53.989758, -108.762405, -669.379150
436, -66.934570, -149.076202, -669.165039
437, -43.305618, -173.681976, -673.804138
438, -16.547640, -204.053528, -673.932251
439, 24.499166, -214.988708, -678.956421
440, 51.845898, -194.815521, -684.309265
441, 81.355301, -167.618225, -690.503540
442, 91.885529, -136.326874, -696.955688
443, 98.554985, -98.254265, -703.984070
444, 72.933746, -75.635918, -709.822693
445, 43.826324, -58.757072, -713.988281
446, 4.909488, -45.747963, -719.050049
447, -42.960861, -71.496468, -721.503418
448, -71.129761, -143.876465, -453.703796
449, -46.457836, -167.761230, -457.368347
450, -22.016737, -204.574554, -457.202820
451, 12.203438, -204.161255, -461.079681
452, 52.556896, -210.268433, -467.105225
453, 76.648041, -187.644821, -475.784515
454, 105.315521, -160.522034, -487.410400
455, 102.300560, -125.970932, -495.816589
456, 103.693748, -86.990570, -500.726929
457, 80.252014, -63.854813, -506.037323
458, 50.021469, -47.833931, -506.969604
461, -41.539230, -48.625984, -514.670776
462, -68.578049, -74.931999, -515.207825
463, -86.484726, -116.873947, -514.928284
464, -69.608994, -147.687378, -515.950684
465, -49.541073, -179.679779, -515.851807
466, -18.894480, -203.017807, -517.102539
467, 16.217779, -199.800217, -524.928467
468, 54.491661, -203.984039, -529.441833
469, 81.969299, -176.802765, -541.392822
470, 94.698265, -146.555588, -549.848083
471, 95.400787, -110.904282, -556.550415
472, 86.435242, -74.705650, -558.223816
473, 58.381756, -55.186333, -563.923340
477, -62.916832, -70.752892, -576.298279
478, -73.422836, -106.962051, -576.347046
479, -71.756805, -145.048065, -575.354492
480, -47.802486, -169.457397, -577.058594
481, -21.548420, -203.159027, -576.946167
482, 16.089235, -206.498413, -583.657593
483, 50.766479, -199.937836, -587.258423
484, 81.995682, -176.191940, -596.135254
485, 94.196159, -144.441223, -605.259460
486, 104.345093, -102.530304, -613.074585
487, 83.896896, -77.432030, -619.010986
488, 56.123230, -56.669781, -624.210083
489, 25.076565, -48.748165, -630.357971
491, -45.422119, -57.228268, -636.687561
492, -56.922379, -89.564499, -641.340088
493, -67.180534, -126.270409, -641.119629
494, -59.956696, -160.341370, -642.170837
495, -38.501579, -201.468475, -641.447510
496, -3.657159, -203.829697, -642.873169
497, 32.287533, -198.236328, -649.552246
498, 57.822887, -182.899231, -654.062866
499, 83.038506, -155.038788, -660.941772
500, 98.057274, -119.785149, -668.322510
501, 90.637573, -85.242584, -676.485840
502, 61.047562, -68.252243, -681.898132
503, 31.808544, -41.193707, -687.254517
504, -4.153310, -45.264252, -690.649170
505, -39.512321, -65.472427, -696.515381
506, -48.873909, -98.988083, -701.548096
507, -55.222870, -133.252411, -705.637390
508, -47.478928, -167.599457, -703.754578
509, -24.979490, -205.757248, -703.289978
510, 14.241829, -211.125900, -706.465759
511, 49.496933, -201.392792, -712.127319
576, -151.587753, 43.348045, -744.813599
577, -121.774437, 29.336834, -753.083008
578, -86.348808, 23.676403, -760.037231
579, -44.421623, 29.358105, -768.351013
580, -30.885822, 61.643616, -772.248718
581, -23.364407, 98.854553, -772.147644
582, -30.844570, 134.061630, -773.613281
583, -53.473160, 174.610031, -770.283875
584, -86.961014, 174.771149, -774.290283
585, -127.293991, 178.565338, -778.259766
586, -149.163651, 151.884674, -785.328369
587, -173.523132, 121.426758, -794.177368
588, -175.949280, 84.659836, -799.128357
589, -164.999054, 53.734615, -805.184448
590, -131.947296, 38.619129, -809.539246
591, -100.255394, 22.700809, -817.185425
592, -68.845413, 26.883272, -829.320312
593, -37.154217, 52.769756, -830.674072
594, -35.261478, 86.737564, -836.410889
595, -24.140945, 125.835526, -835.282959
596, -45.302608, 159.597961, -835.897156
597, -82.412399, 178.468506, -838.761414
598, -113.774994, 167.690445, -841.800720
599, -144.640366, 156.146515, -845.008179
600, -173.608856, 126.410507, -853.904419
601, -174.875732, 90.091797, -859.236084
602, -164.663132, 59.680504, -864.770203
603, -135.870117, 41.196400, -872.898376
604, -98.649742, 29.042480, -881.454224
605, -68.783432, 32.322235, -892.563232
606, -35.294014, 59.375637, -893.586426
607, -24.248127, 94.848618, -892.841248
608, -25.801123, 132.042694, -896.557800
609, -49.315186, 173.853088, -892.414551
610, -83.092651, 173.268951, -895.771851
611, -121.607262, 175.166428, -902.238037
612, -144.201187, 149.655655, -910.220398
613, -169.000977, 119.865623, -920.447998
614, -176.017029, 76.454544, -926.086609
615, -148.594238, 59.338158, -930.393494
616, -118.949844, 45.651577, -933.140625
617, -83.198471, 41.685528, -941.367798
618, -41.472576, 50.765057, -953.663818
621, -44.355301, 160.997025, -958.510742
622, -79.470711, 180.102753, -962.092285
623, -115.573975, 177.351898, -966.007507
624, -147.405884, 152.172333, -974.077759
625, -156.516556, 120.875946, -986.224304
626, -152.764206, 84.356476, -989.031250
627, -136.810425, 59.884956, -993.972778
628, -102.567497, 38.083405, -1001.762878
629, -71.808075, 41.262493, -1006.266602
630, -38.383926, 63.985008, -1015.292480
631, -27.228580, 101.928818, -1016.049805
632, -32.690582, 136.604309, -1018.872437
633, -58.168999, 172.669281, -1014.263062
634, -91.371017, 167.501175, -1022.633301
635, -128.250046, 163.948120, -1029.813354
636, -159.378021, 136.546570, -1041.850586
637, -172.747711, 91.395081, -1044.044434
638, -141.897919, 72.764412, -1048.743164
639, -113.828430, 60.041019, -1049.877197
640, -4.795515, 91.659668, -507.144257
641, 5.086292, 132.249802, -502.397095
642, -12.841492, 166.520386, -497.802917
643, -44.307770, 187.978027, -493.420624
644, -79.361511, 181.882751, -495.212128
645, -116.852898, 186.215485, -497.741394
646, -140.906067, 159.785919, -502.900696
647, -164.264893, 132.879700, -511.362518
648, -172.533905, 98.217270, -518.089722
649, -171.170868, 65.992416, -522.210571
650, -157.375732, 31.812450, -525.565369
651, -131.446381, 12.249096, -531.164551
653, -73.167305, 3.533981, -549.192627
654, -21.570713, 15.510238, -558.288452
655, -10.461935, 48.226250, -564.721619
656, 0.432689, 84.061432, -565.375305
657, -3.742117, 120.387619, -566.308716
658, -27.053181, 145.858063, -564.252075
659, -49.022682, 183.546188, -556.399109
660, -83.266541, 182.863770, -554.555115
661, -122.495628, 183.420166, -555.752869
662, -145.120346, 159.498978, -559.571411
663, -177.411423, 133.012299, -567.849426
664, -177.544662, 98.308464, -576.190796
665, -186.097275, 57.547573, -584.026794
666, -163.379761, 32.004951, -590.638428
667, -135.348389, 14.749510, -598.996582
668, -98.814392, 2.066710, -608.664734
670, -27.985073, 25.357649, -620.064331
671, -18.575186, 57.473297, -623.215454
672, -10.344158, 94.122421, -623.735840
673, -18.820648, 127.750847, -621.828735
674, -37.407173, 161.261597, -621.789673
675, -69.248322, 180.834518, -620.109985
676, -106.447571, 181.189316, -624.317871
677, -141.074768, 175.257812, -625.141785
678, -169.925888, 146.779785, -631.969299
679, -180.602692, 116.793907, -636.736572
680, -180.891174, 80.383560, -641.856384
681, -171.549469, 44.734177, -645.627625
682, -141.333176, 27.705044, -653.036194
683, -112.127548, 20.406189, -662.041748
684, -82.646851, 12.999505, -670.157532
685, -34.962372, 22.917233, -679.545837
686, -25.258743, 55.712891, -685.377563
687, -18.298103, 92.208694, -686.699463
688, -23.187185, 128.813751, -686.821167
689, -43.216640, 160.238953, -686.948730
690, -74.938049, 178.255157, -684.436279
691, -112.635948, 176.079193, -689.750366
692, -144.117554, 166.978317, -690.591553
693, -176.796066, 139.641235, -698.883179
694, -175.205795, 103.553741, -703.146912
695, -169.563004, 70.278107, -707.457703
696, -155.878784, 41.342140, -711.973816
697, -125.521576, 27.092377, -717.635437
698, -89.979019, 17.218601, -725.593689
699, -57.784126, 23.771908, -735.598328
700, -31.290808, 51.247417, -739.659363
701, -28.398487, 87.087791, -744.097290
702, -22.287298, 124.932884, -743.713989
703, -43.457924, 165.388290, -739.973389
704, -71.454224, 174.459320, -741.112488
705, -104.942184, 171.357544, -747.234375
706, -139.308044, 165.990616, -754.375244
707, -156.726822, 139.529068, -766.863281
708, -173.928375, 107.516045, -767.186523
709, -168.693619, 74.093193, -772.132080
710, -154.786591, 44.727749, -775.388062
711, -126.797150, 27.214256, -779.377930
712, -90.767838, 24.171471, -788.393555
713, -63.777687, 33.476387, -802.433472
714, -32.080231, 60.739391, -804.091248
715, -33.492779, 93.585350, -807.563110
716, -27.315582, 130.945648, -806.300720
717, -48.023155, 172.233154, -802.913940
718, -82.885452, 171.774719, -806.887939
719, -121.993378, 175.879395, -809.979614
720, -146.181824, 151.945663, -816.595886
721, -173.960968, 124.093872, -825.570312
722, -174.029404, 86.702934, -832.354370
723, -162.785873, 54.990654, -838.118774
724, -134.562622, 39.197693, -844.759155
725, -98.078819, 24.609959, -850.445312
726, -69.864334, 29.688658, -863.730713
727, -36.360039, 55.237206, -865.519165
728, -34.000359, 91.236565, -870.003662
729, -27.934761, 129.131805, -867.123413
730, -47.700756, 169.643951, -863.113647
731, -80.984009, 171.346436, -868.563843
732, -120.049332, 176.330627, -872.516968
733, -144.752457, 151.881378, -877.660767
734, -180.861816, 119.110260, -884.613403
735, -181.944397, 80.761490, -890.776733
736, -156.338974, 57.444199, -896.177002
737, -127.080894, 44.264961, -902.632690
738, -90.461258, 37.259743, -912.728027
739, -60.321838, 43.160080, -925.099243
740, -33.772354, 70.969757, -927.811646
741, -11.476778, 112.329575, -927.493774
742, -33.370083, 139.920959, -931.866821
743, -57.630524, 174.435226, -925.716431
744, -91.888702, 169.555420, -933.856567
745, -127.009911, 166.908630, -940.451843
746, -162.165680, 142.767792, -949.047729
747, -159.166931, 108.209496, -956.997803
748, -158.800720, 70.010666, -956.680664
749, -133.127365, 52.351547, -964.326294
750, -94.979126, 43.128349, -969.249634
751, -64.417175, 45.954704, -976.302612
752, -47.309555, 72.180580, -992.035889
754, -29.313225, 145.330811, -990.056641
755, -57.244164, 171.434174, -989.057373
756, -91.718567, 167.204941, -993.738464
757, -127.264854, 164.324890, -998.797852
758, -156.695694, 135.065277, -1010.156433
759, -172.268906, 90.753204, -1014.387634
760, -147.924988, 68.562012, -1019.416016
761, -116.464661, 59.047718, -1028.547729
762, -83.410095, 47.127525, -1033.416382
763, -46.451920, 62.416397, -1040.347168
764, -33.838631, 92.232994, -1047.592041
765, -27.620214, 130.367691, -1046.722168
766, -55.856037, 185.268829, -1034.694824
767, -88.751282, 176.041809, -1034.299438
835, 22.456167, 25.909540, -416.419128
836, 42.867073, 56.480110, -415.652557
837, 49.458229, 89.998314, -415.692383
838, 41.570450, 127.434105, -411.511444
839, 16.647514, 153.148361, -409.328217
840, -3.900839, 179.279404, -403.446533
841, -38.373829, 197.609848, -395.740601
842, -77.600388, 206.347717, -387.825836
843, -108.506729, 190.498764, -384.715668
844, -137.337891, 168.136658, -385.665894
845, -141.951324, 132.055939, -390.643616
846, -158.641510, 99.543938, -395.605835
848, -143.878464, 32.558208, -407.534607
849, -114.336021, 17.511322, -411.536804
851, -61.527607, -7.914261, -426.708191
853, 7.010184, 28.794065, -438.426910
854, 26.818081, 57.899063, -440.392548
855, 24.650482, 93.351120, -442.209778
856, 25.801014, 130.078186, -436.938721
857, 0.075204, 151.420517, -436.445770
858, -22.789066, 186.624313, -430.861267
859, -57.528214, 186.075363, -424.976074
860, -91.995056, 185.655685, -422.276825
861, -125.594696, 170.778427, -417.574890
862, -150.730560, 145.370911, -421.096619
863, -162.828278, 110.896080, -423.793427
864, -155.102417, 78.788956, -428.833069
865, -156.613098, 39.652084, -435.050354
866, -127.138855, 20.347763, -439.394226
867, -97.450890, 5.209724, -443.683868
868, -73.781952, -10.565898, -453.929962
870, 8.460171, 24.687649, -462.938568
871, 18.588560, 56.883141, -469.534637
872, 14.298338, 91.345963, -469.776428
873, 16.314445, 126.942596, -468.220673
874, -10.593969, 149.628326, -464.018402
875, -31.220572, 182.153183, -455.126770
876, -65.866592, 184.915588, -449.439819
877, -99.298981, 183.637085, -446.782227
878, -130.847672, 167.304123, -444.231781
879, -154.707794, 140.880661, -448.905823
880, -165.244324, 107.741684, -455.215912
881, -169.127625, 71.511658, -460.859009
882, -160.448196, 36.289314, -466.336487
883, -132.536911, 19.301136, -472.978821
885, -74.774429, -6.468958, -487.294281
887, -14.621838, 35.902061, -499.418213
888, 7.135802, 65.569725, -497.912842
889, -0.486906, 99.941460, -498.159546
890, 5.617315, 136.690384, -490.055267
891, -24.055172, 155.742355, -486.659180
892, -48.321136, 186.554810, -474.577393
893, -81.214256, 182.702499, -471.011597
894, -117.520645, 182.432526, -466.559082
895, -141.656128, 154.972107, -465.798157
896, -126.327415, 191.841049, -339.161011
897, -151.986420, 160.482986, -338.898651
898, -158.799072, 126.229477, -340.310852
899, -159.279816, 92.990524, -340.679016
900, -170.753937, 50.056271, -341.373474
901, -150.383118, 23.832912, -341.858276
902, -122.617020, 3.090157, -343.994080
904, -127.045334, 12.438101, -374.562012
905, -154.354034, 34.637848, -375.064209
906, -151.942902, 73.744629, -373.802094
907, -157.245697, 107.930870, -372.701874
908, -153.972382, 141.086914, -371.339844
909, -122.657120, 167.548615, -368.337494
910, -107.139885, 198.113434, -372.960785
911, -72.878098, 195.048279, -387.259949
912, -43.162430, 184.529602, -386.594696
913, -6.667961, 189.025330, -377.128387
914, 14.663744, 165.793579, -378.683289
915, 40.669258, 141.902527, -379.592957
916, 61.938320, 115.057877, -385.140991
917, 50.262276, 76.666840, -394.585693
918, 52.827545, 43.653870, -397.664917
920, 66.031105, 41.186707, -370.785522
921, 60.671417, 73.205841, -367.864685
922, 71.597260, 113.112968, -360.019348
923, 52.857983, 140.548676, -357.301147
924, 25.598782, 160.711868, -354.404724
925, 3.358031, 195.747711, -348.306030
926, -18.032103, 202.932343, -348.139404
960, -171.418945, 124.099854, -477.734985
961, -166.711807, 90.607605, -486.170471
962, -171.426865, 49.584545, -490.822510
963, -147.794388, 27.323025, -497.826385
964, -117.059525, 8.691677, -501.314514
965, -91.789536, -8.373656, -512.100098
967, -12.937881, 19.927238, -528.196228
968, -2.780359, 52.586662, -534.971558
969, 5.818681, 87.209900, -537.100464
970, -0.916984, 123.520256, -537.658325
971, -23.963650, 148.888550, -535.209229
972, -45.541454, 184.875900, -528.265869
973, -81.228958, 183.471283, -527.058350
974, -117.114288, 184.680481, -527.904907
975, -142.198090, 160.385498, -531.264709
976, -172.351364, 134.119781, -539.241028
977, -174.959152, 100.934235, -545.612976
978, -183.871399, 61.006767, -550.799438
979, -162.606323, 34.794563, -557.049561
980, -133.204407, 19.141430, -566.951538
981, -100.276390, 15.730787, -572.433228
983, -26.221100, 22.793074, -590.466003
984, -15.956356, 53.193214, -593.934570
985, -8.187958, 88.423599, -594.974854
986, -12.909259, 124.630219, -593.814087
987, -39.200687, 147.678970, -594.536987
988, -63.061584, 170.165451, -588.853577
989, -102.398743, 195.373825, -585.680542
990, -132.139069, 177.147675, -585.688538
991, -163.983154, 154.610107, -590.826416
992, -178.441132, 123.814651, -599.447815
993, -175.096848, 89.913895, -607.027466
994, -177.912903, 51.664181, -615.730286
995, -151.251419, 29.891586, -622.647339
996, -122.210098, 14.607264, -628.589417
997, -91.112488, 4.293417, -638.581238
999, -27.632498, 42.533302, -651.942627
1000, -24.116873, 77.202866, -655.996033
1001, -24.574490, 109.321373, -655.971069
1002, -38.205349, 142.044357, -657.441345
1003, -60.249390, 178.132935, -650.793457
1004, -93.975121, 176.437958, -655.125061
1005, -132.747116, 176.583847, -655.922607
1006, -165.335129, 152.054489, -662.395386
1007, -179.684570, 122.963974, -667.728271
1008, -179.924774, 84.676781, -674.357178
1009, -171.976059, 50.235352, -678.231201
1010, -142.375580, 32.768883, -684.399780
1011, -112.291260, 23.897917, -691.950073
1012, -81.474083, 15.838311, -701.113770
1013, -37.792637, 26.745102, -706.809326
1014, -29.044485, 60.751537, -712.431824
1015, -22.584509, 96.167496, -716.104004
1016, -29.657583, 131.146103, -718.434753
1017, -50.048508, 172.708069, -716.966736
1018, -84.061844, 175.028717, -718.485229
1019, -116.087830, 165.916183, -720.079346
1020, -149.075562, 160.869186, -718.526733
1021, -180.496094, 132.074463, -725.810181
1022, -183.362122, 95.451538, -732.055176
1023, -172.418365, 63.051876, -739.114990
1024, 50.879589, 139.769165, -201.712097
1025, 78.935852, 120.274658, -202.717209
1026, 77.173820, 94.400146, -220.975372
1027, 79.500793, 120.637474, -239.025940
1028, 55.575802, 139.220276, -239.451584
1029, 26.597179, 156.132248, -237.592621
1030, 4.104156, 189.022614, -229.679184
1031, -28.072887, 198.160248, -224.540558
1032, -63.190090, 194.762390, -219.818527
1033, -90.854790, 178.752380, -213.620422
1034, -122.169312, 174.325928, -208.680511
1035, -144.609116, 152.227264, -207.460815
1036, -165.389313, 113.694458, -203.446686
1037, -164.019638, 81.196571, -202.608002
1038, -157.980331, 48.181343, -200.696335
1039, -148.123444, 16.260948, -202.290131
1040, -155.294342, -21.829006, -219.343338
1041, -166.640198, 4.633252, -237.313660
1042, -156.238815, 48.026169, -234.950989
1043, -165.211487, 79.494339, -233.608643
1044, -164.178253, 113.391258, -233.941696
1045, -156.471497, 147.410385, -236.633286
1046, -123.402786, 170.603577, -240.429123
1047, -99.910423, 196.328461, -244.239594
1048, -73.211578, 211.232162, -248.369049
1049, -30.509674, 202.104721, -253.227783
1050, 0.990322, 197.264771, -256.742004
1051, 34.159782, 170.408691, -261.451385
1052, 52.111099, 143.928207, -268.065033
1053, 76.237289, 123.779137, -272.976410
1054, 100.263573, 100.446396, -278.948761
1055, 71.333527, 73.346893, -302.141113
1056, 92.511795, 102.377930, -306.366394
1057, 70.327812, 130.043732, -301.177094
1058, 46.007626, 150.819748, -297.816833
1059, 30.134384, 177.067291, -292.789001
1060, -3.771746, 201.156158, -287.257965
1061, -38.547462, 200.688080, -286.528137
1062, -76.254669, 209.640717, -278.095276
1063, -106.619522, 194.195038, -275.912323
1064, -130.165497, 167.741547, -274.846130
1065, -161.345123, 143.685455, -273.683563
1066, -165.954865, 109.882004, -268.654510
1067, -159.933289, 75.195282, -268.277283
1068, -147.801514, 45.182320, -266.350861
1069, -151.588104, 6.362616, -265.919800
1071, -149.396591, 5.718731, -299.026184
1072, -143.802048, 46.164455, -299.572754
1073, -177.192139, 65.584206, -299.742493
1074, -165.007339, 109.212677, -299.800720
1075, -162.502930, 142.645966, -301.016907
1076, -132.707108, 169.155624, -303.001404
1077, -109.415924, 192.094101, -304.457794
1078, -82.210205, 208.192413, -308.391113
1079, -40.550922, 200.710800, -312.242493
1080, -7.525432, 198.778305, -316.945648
1081, 25.615774, 190.914169, -319.193176
1082, 43.624954, 152.099701, -326.619934
1083, 67.783150, 126.810837, -333.395020
1084, 81.902565, 99.195244, -340.191040
1085, 96.132011, 68.989380, -343.239441
1152, 30.550632, 181.881516, -199.408875
1153, -0.388740, 188.979095, -195.877106
1154, -32.636078, 192.957825, -190.305817
1155, -68.396233, 191.183578, -186.157410
1156, -102.621269, 190.184860, -180.068085
1157, -123.083450, 162.501175, -176.110748
1158, -158.875473, 138.467926, -173.986389
1159, -164.535767, 103.253937, -171.712997
1160, -165.092865, 72.039024, -169.782303
1161, -162.589722, 38.757881, -169.349640
1162, -153.734390, 5.308455, -169.427826
1163, -173.760971, -29.893970, -146.929230
1164, -173.936813, 20.679787, -138.727814
1165, -167.076965, 49.061932, -138.501236
1166, -166.213593, 83.990433, -139.288605
1167, -163.610367, 116.608841, -140.176926
1168, -134.163330, 141.385376, -143.880157
1169, -115.356689, 170.812103, -146.659943
1170, -90.438255, 193.694244, -150.595123
1171, -51.243454, 188.168945, -157.738770
1172, -18.732521, 188.959259, -164.716064
1173, 11.757643, 180.646576, -167.516129
1174, 33.680466, 144.453857, -171.189438
1175, 62.948254, 129.141586, -169.925186
1176, 68.447807, 99.290215, -167.858810
1177, 80.220390, 108.662376, -137.179077
1179, 33.164433, 166.270874, -134.160263
1180, 0.926223, 178.074463, -132.850220
1181, -32.723267, 183.700226, -133.548126
1182, -61.784721, 187.483887, -130.175797
1183, -100.454727, 178.082123, -123.059502
1184, -122.725121, 150.993759, -118.720970
1185, -138.880798, 122.689270, -113.461960
1186, -166.391098, 95.596581, -109.532013
1187, -168.705536, 63.339905, -106.733543
1188, -166.414368, 29.381603, -103.346222
1189, -159.582123, -3.412781, -103.754791
1190, -167.412354, -41.904095, -86.400383
1191, -159.748199, -4.723018, -69.576614
1192, -163.469727, 28.145443, -72.590881
1193, -167.282318, 59.737015, -75.978188
1194, -165.071121, 95.564682, -78.363861
1195, -144.594193, 132.346115, -83.224449
1196, -117.089836, 149.197662, -88.599030
1197, -95.069138, 171.615692, -92.452682
1198, -58.732357, 169.858246, -100.323380
1199, -26.119274, 171.985886, -105.315331
1200, 5.586280, 169.560913, -108.248718
1201, 39.334652, 159.433502, -110.865494
1202, 63.570858, 134.396088, -114.865463
1205, 34.416130, 157.598083, -75.996857
1206, 1.764682, 165.490829, -73.654404
1207, -31.450836, 168.055206, -73.972527
1208, -66.331573, 160.640274, -70.714111
1209, -99.775505, 160.860519, -68.446396
1210, -123.236221, 136.267044, -65.339630
1211, -157.025497, 110.104309, -62.837975
1212, -164.606659, 78.917221, -55.832195
1213, -161.854614, 44.884102, -49.221054
1214, -155.320541, 14.668685, -45.023514
1215, -148.775360, -19.947580, -42.378353
1283, 119.482941, -26.849287, 111.089890
1284, 119.483810, -56.483120, 111.660843
1285, 125.094070, -89.774620, 110.769989
1286, 107.635010, -127.338524, 108.876099
1287, 80.996841, -145.237091, 114.366302
1288, 49.762924, -168.052322, 118.454773
1289, 21.459312, -137.900940, 128.618408
1290, -12.202400, -131.615936, 134.476898
1291, -43.408134, -116.589745, 142.320145
1292, -69.195602, -97.515976, 144.882538
1293, -94.033226, -74.950638, 146.395569
1294, -116.350891, -50.515289, 142.812759
1295, -90.100418, -23.438007, 160.004227
1296, -106.723541, -49.161545, 176.905914
1297, -84.950806, -73.404442, 177.997986
1298, -60.551750, -99.264030, 177.872650
1299, -32.740231, -118.415298, 174.682007
1300, -3.396406, -136.533356, 171.141174
1301, 27.206211, -143.843018, 162.067810
1302, 45.655056, -160.074203, 150.329437
1303, 87.835228, -144.747192, 145.340576
1304, 117.427933, -120.264397, 140.674255
1305, 120.630783, -85.973251, 140.692230
1306, 120.268784, -54.647289, 142.479538
1308, 121.922180, -65.967072, 173.022507
1309, 127.014732, -99.304077, 173.566772
1310, 103.941940, -128.818115, 171.840561
1311, 86.163849, -161.216614, 175.823456
1312, 44.270477, -168.837418, 184.655945
1313, 26.080481, -146.640625, 195.882172
1314, -4.662213, -135.703491, 205.354584
1315, -33.556488, -121.007004, 206.229904
1316, -61.219620, -97.350616, 204.824326
1317, -81.569458, -71.993477, 203.242340
1318, -103.924034, -49.422729, 201.993195
1319, -82.166512, -20.973503, 221.733765
1320, -94.020096, -12.636840, 254.090210
1321, -87.342491, -9.941387, 285.912476
1322, -81.469925, -10.337490, 317.378723
1323, -72.156517, -6.242625, 350.075165
1324, -61.933071, -4.404217, 380.735809
1326, -62.457329, -40.611355, 390.467102
1327, -56.286102, -39.764343, 358.857605
1328, -66.493126, -41.863762, 330.266357
1329, -84.432007, -44.681305, 298.300781
1330, -78.803543, -47.885330, 264.829132
1332, -78.435638, -79.602654, 265.053925
1333, -77.542007, -80.420990, 297.509796
1334, -56.612534, -69.710922, 328.546875
1335, -60.685974, -71.156487, 360.739441
1336, -49.699139, -65.360222, 389.429565
1337, -20.836805, -55.794113, 417.942383
1338, -7.314205, -57.274406, 447.030640
1339, 10.663512, -60.515045, 473.673462
1344, -142.632431, 29.478064, 45.112831
1345, -145.697983, 61.831032, 42.584393
1346, -144.950653, 96.510132, 40.948925
1347, -133.916611, 129.350830, 35.532780
1348, -95.893456, 149.109131, 31.758003
1349, -70.758743, 170.928650, 29.022278
1350, -29.914562, 163.715012, 23.458908
1351, 3.187373, 160.567703, 20.764082
1352, 42.250763, 136.985458, 17.153633
1353, 62.070038, 118.152145, 19.385830
1354, 81.380676, 89.147079, 18.827419
1355, 102.214348, 60.838669, 18.481823
1356, 117.037064, 32.554676, 15.686419
1358, 103.314690, -37.909878, 11.164070
1359, 116.899292, -71.946625, 12.409494
1360, 113.422997, -108.440109, 12.370055
1361, 82.113998, -132.497620, 14.267450
1362, 54.492233, -154.578461, 17.894068
1363, 20.230482, -134.373596, 25.965191
1364, -13.094532, -134.265091, 29.956745
1365, -47.713982, -131.316223, 36.897720
1366, -75.332535, -114.830643, 39.835236
1367, -102.620346, -91.797882, 45.432308
1368, -121.710205, -64.581757, 45.931068
1369, -106.168861, -42.605598, 31.074966
1370, -129.352005, -66.397003, 15.135364
1371, -107.173660, -90.756653, 12.336398
1372, -80.895546, -112.580315, 6.740573
1373, -50.199097, -128.888138, 4.659981
1374, -19.038174, -136.293930, 1.691437
1375, 14.212704, -139.508972, -3.091256
1376, 38.607697, -152.475281, -9.379309
1377, 78.124344, -140.267853, -13.288768
1378, 103.251610, -120.336578, -16.650101
1379, 118.582207, -83.064384, -16.982908
1380, 103.337357, -45.198326, -16.202829
1381, 110.360344, -22.349358, -17.642246
1385, 62.265614, 113.518585, -16.642155
1387, 10.320084, 157.559113, -15.444789
1388, -23.639805, 164.654449, -11.038238
1389, -58.239517, 157.749481, -9.562929
1390, -92.007561, 156.759766, -2.992837
1391, -112.244469, 130.878189, 2.147493
1392, -125.384758, 98.894958, 6.930755
1393, -152.549713, 73.297852, 10.837038
1394, -150.817245, 40.901665, 14.479635
1395, -145.915314, 5.192800, 15.328352
1396, -154.396484, -33.887581, 3.402302
1397, -144.815063, -2.340253, -17.186674
1398, -151.066147, 30.496481, -22.312063
1399, -155.032959, 63.907394, -25.049080
1400, -153.605301, 96.412903, -27.867941
1401, -121.610199, 122.502731, -30.626190
1402, -104.229240, 152.735535, -33.579193
1403, -77.725456, 172.587158, -36.827145
1404, -37.972118, 166.537354, -42.710236
1405, -5.790052, 164.580414, -43.167290
1406, 28.734169, 152.492371, -44.669338
1407, 53.289703, 126.350288, -44.641510
1408, -122.676041, 28.479431, 171.493530
1409, -135.497864, 60.090263, 170.536530
1410, -141.849701, 93.657822, 169.700302
1411, -140.634888, 128.201569, 165.553162
1412, -106.180237, 153.542236, 160.487610
1413, -86.143799, 182.332321, 156.285843
1414, -45.595898, 176.163864, 152.699173
1415, -13.112949, 173.253540, 151.093582
1416, 11.256241, 143.280258, 147.117584
1417, 40.961960, 125.665161, 151.883026
1419, 39.525070, 125.990440, 184.800278
1420, 13.858526, 144.051086, 181.135956
1421, -15.601267, 162.919128, 179.515137
1422, -46.884109, 178.295044, 179.920380
1423, -85.926842, 185.825607, 180.889130
1424, -110.617332, 161.141876, 186.437912
1425, -140.769012, 135.559265, 192.261414
1426, -139.671677, 103.605911, 198.267181
1427, -128.069321, 71.063774, 200.677948
1428, -124.635651, 37.723988, 200.792648
1429, -129.614059, -1.941683, 203.102997
1430, -121.314926, 1.072130, 234.993439
1431, -115.909729, 7.708910, 268.420227
1432, -108.848114, 10.868399, 300.249084
1433, -102.256683, 14.227096, 332.636536
1434, -96.538574, 19.724062, 365.830170
1435, -90.518234, 28.468647, 397.633606
1437, -87.476028, 66.484879, 393.928680
1438, -110.473434, 53.063423, 360.996521
1439, -114.994049, 46.408821, 329.357758
1440, -120.083679, 40.407310, 295.824127
1441, -129.796448, 33.681717, 264.421326
1442, -111.605003, 56.599792, 234.384689
1443, -117.073257, 75.613235, 261.877136
1444, -110.215561, 83.224579, 294.926849
1445, -103.400742, 89.548325, 325.268982
1446, -99.787811, 95.680298, 357.584900
1447, -108.543884, 99.897552, 390.787598
1449, -114.096245, 128.941940, 385.550995
1450, -118.778831, 125.838402, 352.140839
1451, -125.907410, 113.081993, 318.922607
1452, -132.291168, 108.016350, 285.722595
1453, -120.636185, 109.381119, 254.598602
1455, -128.030396, 142.271912, 247.008240
1456, -121.201927, 147.165070, 278.583954
1457, -119.603149, 152.262482, 311.739075
1458, -135.809143, 145.627106, 342.584198
1459, -124.645721, 157.053268, 377.833801
1460, -132.590744, 149.031708, 406.771423
1461, -114.164688, 178.620728, 411.111450
1462, -150.531219, 172.962677, 371.237122
1463, -135.522705, 175.925537, 340.557220
1464, -128.319183, 177.203537, 308.002899
1465, -121.801941, 173.242188, 275.984833
1466, -121.176376, 168.795227, 241.295166
1467, -119.500328, 164.521622, 209.716309
1536, 126.832993, -292.830597, 193.905975
1537, 113.784409, -273.489807, 166.197250
1539, 190.383636, -239.525360, 128.498581
1540, 220.344360, -253.476166, 131.566772
1541, 249.374496, -267.718384, 146.925568
1542, 249.922668, -304.256531, 165.902359
1543, 228.422211, -333.890350, 184.616486
1544, 195.603302, -347.388062, 187.763367
1545, 160.358856, -345.965057, 173.204514
1546, 147.380768, -322.942017, 146.756271
1547, 136.672409, -302.224670, 119.274200
1548, 172.541183, -274.288086, 93.140015
1549, 217.296066, -270.948395, 80.575188
1550, 245.535156, -287.264252, 88.678284
1551, 267.274323, -316.712463, 105.566376
1552, 267.048096, -344.610779, 124.924881
1553, 244.713196, -372.950989, 141.522400
1554, 206.365875, -386.954773, 140.699417
1555, 171.709442, -380.691986, 123.561234
1556, 159.739655, -354.612640, 94.103844
1557, 155.952393, -332.742828, 67.543297
1558, 196.040070, -303.265015, 46.165462
1560, 272.832886, -323.535278, 45.205078
1561, 290.087921, -356.202484, 64.958588
1562, 286.321106, -384.961273, 81.332397
1563, 250.589279, -413.683319, 95.201469
1564, 214.787567, -412.859070, 91.557404
1565, 195.999619, -397.315125, 68.647125
1566, 179.169891, -380.645447, 41.535164
1567, 182.494278, -356.098389, 14.189959
1568, 237.608002, -342.206909, -3.980422
1569, 275.035095, -357.999695, -4.011100
1570, 304.706635, -369.532715, 10.287227
1571, 316.640259, -400.494934, 29.374329
1573, 248.414413, -453.856415, 53.991577
1574, 214.102219, -445.869751, 36.734016
1575, 205.471405, -421.087341, 5.980269
1576, 200.944443, -397.643402, -18.887041
1577, 222.292877, -373.293762, -42.800816
1578, 284.795105, -390.760376, -43.952110
1579, 317.354126, -397.079895, -35.666924
1580, 322.209351, -448.389496, -20.064934
1581, 305.217957, -466.795715, -0.022985
1582, 273.263062, -494.461029, 4.913330
1583, 232.877228, -479.057678, -7.373317
1584, 225.136139, -455.058319, -34.998451
1585, 219.736862, -431.303558, -62.061058
1586, 238.438599, -409.512329, -84.624802
1587, 302.192444, -407.694214, -95.983917
1588, 333.113281, -429.340790, -83.496201
1589, 337.927338, -466.480896, -62.251976
1590, 336.700806, -496.279236, -46.685204
1591, 283.333557, -511.638062, -35.510803
1592, 257.950073, -490.572601, -51.190620
1593, 237.799957, -475.514160, -79.436554
1594, 245.185455, -452.965881, -110.738426
1596, 326.006104, -453.117737, -134.338776
1597, 349.999329, -479.318573, -119.242905
1598, 352.025879, -507.571136, -96.412216
1599, 319.099915, -533.093384, -79.426758
1664, 105.104919, -236.060547, 369.156311
1665, 82.372910, -219.208496, 351.440674
1666, 65.900284, -201.774078, 323.855804
1667, 68.136467, -182.539291, 295.896729
1668, 76.185745, -159.000275, 268.650665
1670, 156.822968, -156.465363, 248.680466
1671, 183.800781, -160.099045, 268.931885
1672, 203.853638, -172.991928, 295.624603
1673, 201.213623, -199.714081, 317.711884
1674, 173.148804, -224.820251, 334.347137
1675, 153.875061, -253.018433, 341.087311
1676, 117.777184, -254.600525, 339.175964
1677, 94.374802, -237.492737, 322.817749
1678, 72.019958, -220.586884, 300.839600
1679, 69.298004, -192.408478, 276.706879
1680, 79.302979, -167.595428, 258.715393
1681, 100.337151, -144.748352, 242.862915
1682, 157.266510, -162.205811, 239.172333
1683, 193.171432, -159.983124, 252.822510
1684, 198.696594, -186.505920, 274.281189
1685, 209.099289, -214.037033, 291.559479
1686, 190.490250, -243.945007, 306.750092
1687, 165.345001, -269.844971, 311.581055
1688, 128.317673, -267.585327, 312.007751
1689, 102.838219, -251.395050, 298.367004
1690, 76.728722, -235.056732, 278.734375
1691, 74.732155, -208.052185, 255.255829
1692, 88.333328, -179.512817, 235.811325
1693, 160.344482, -165.398590, 220.575500
1694, 172.115845, -185.832138, 220.932251
1695, 201.629807, -200.676727, 236.432785
1696, 211.676086, -223.122375, 254.929779
1697, 213.463593, -252.319641, 272.996277
1698, 175.079575, -277.166748, 287.055328
1699, 141.329498, -276.025269, 288.197144
1700, 106.772980, -279.462463, 277.185120
1701, 91.384109, -249.448914, 255.078537
1702, 83.360107, -224.001984, 232.367767
1703, 95.813667, -195.637146, 212.281189
1704, 171.538788, -182.508240, 198.255829
1705, 191.276184, -200.593292, 200.407104
1706, 213.960419, -221.724411, 214.639023
1707, 222.568283, -247.586151, 232.272888
1708, 199.283783, -273.166351, 252.013840
1709, 181.077316, -298.193604, 263.665497
1710, 142.608612, -295.813354, 262.823151
1711, 118.027771, -278.012634, 251.229858
1712, 97.174484, -258.627319, 225.606293
1713, 102.382965, -229.831390, 199.994598
1714, 121.427437, -205.826874, 181.717575
1715, 187.280365, -206.160492, 171.393677
1716, 215.377487, -225.621262, 179.234131
1717, 225.014130, -254.414154, 197.266830
1718, 232.807007, -281.898315, 214.228607
1719, 196.240326, -306.406097, 232.890137
1720, 164.524475, -317.608398, 238.890747
1721, 128.348785, -309.946777, 228.541718
1722, 110.624695, -280.625946, 206.527466
1723, 106.576782, -253.528961, 182.409332
1724, 124.710205, -225.973129, 161.270782
1725, 191.379562, -221.841782, 151.894592
1726, 221.081345, -241.938965, 158.616089
1727, 238.284424, -273.173676, 176.915802
1728, 240.664246, -303.396118, 190.012970
1729, 201.702148, -327.844727, 207.129608
1730, 169.910461, -337.540405, 208.679764
1731, 147.210785, -311.125031, 184.234711
1732, 126.302979, -301.333740, 158.930542
1733, 125.305298, -276.926727, 133.605408
1734, 167.655914, -249.306793, 111.710045
1735, 217.067123, -251.413605, 103.553696
1736, 246.128342, -275.848206, 113.418350
1737, 254.607513, -304.950165, 133.477859
1738, 256.684509, -335.923035, 150.532181
1739, 220.576096, -361.134369, 163.475449
1740, 185.257019, -361.343964, 159.933365
1741, 166.270813, -347.188782, 138.160553
1742, 147.261612, -336.037262, 111.891830
1743, 145.403763, -310.766052, 88.280594
1744, 200.006531, -298.802673, 64.747795
1745, 228.189697, -302.135864, 60.321007
1746, 263.333862, -305.225586, 67.983078
1747, 272.561218, -334.801147, 85.703964
1748, 278.257080, -364.519653, 102.864861
1749, 252.080566, -391.125549, 118.650574
1750, 215.143982, -405.739380, 117.692978
1751, 191.807724, -382.554291, 97.559288
1752, 168.856293, -370.484955, 73.584122
1753, 165.753784, -346.534485, 48.208843
1754, 203.632660, -318.766144, 24.128017
1755, 246.060059, -333.620483, 15.076292
1756, 279.996521, -339.488159, 21.636333
1757, 303.950500, -355.161102, 37.211056
1758, 298.104156, -394.302307, 58.209465
1759, 277.126221, -423.380554, 72.210159
1760, 236.602020, -425.240448, 72.001465
1761, 206.227646, -434.643402, 56.466015
1762, 196.541016, -404.540100, 28.989796
1763, 191.342621, -381.111023, 3.741462
1764, 210.981506, -353.208282, -19.428528
1765, 266.727478, -367.857971, -29.358326
1766, 300.040619, -376.927673, -25.310375
1767, 321.296692, -402.008606, -7.897523
1769, 269.848633, -458.355316, 29.096771
1770, 236.561340, -463.808105, 21.603073
1771, 221.352844, -445.852753, -4.625629
1772, 208.130417, -429.279297, -30.686262
1773, 218.683044, -401.997192, -56.910202
1774, 284.840851, -388.403259, -72.042145
1775, 307.274933, -409.036194, -62.982788
1776, 320.240845, -437.626343, -44.777996
1777, 329.831268, -465.996796, -30.649954
1778, 304.203278, -496.871735, -17.356287
1779, 261.206116, -493.565033, -23.368046
1780, 245.079834, -479.286682, -47.633934
1781, 228.147278, -462.525513, -72.470024
1782, 233.238861, -438.016541, -99.399261
1783, 299.344360, -424.144348, -116.501297
1784, 325.575165, -440.099670, -110.460159
1785, 346.062805, -467.244720, -93.625717
1786, 346.949158, -498.574921, -74.673431
1787, 306.498627, -527.952087, -59.155159
1788, 269.810364, -523.034912, -62.935806
1789, 255.687714, -505.748901, -88.677658
1790, 243.595947, -484.475586, -115.377014
1791, 258.530487, -462.393066, -144.730499
1794, -178.931564, 344.174744, 272.700439
1795, -210.935333, 328.143799, 251.071014
1796, -217.442551, 308.549255, 219.976929
1797, -201.260223, 295.692871, 192.217255
1798, -187.039246, 282.029114, 170.905151
1799, -124.481026, 298.719147, 171.398895
1800, -111.012024, 335.677826, 188.736816
1801, -127.974876, 358.375549, 208.855331
1802, -146.717255, 379.646454, 231.094330
1804, -228.186874, 370.852264, 213.452072
1805, -234.886520, 349.870850, 187.542603
1806, -233.052475, 327.370331, 157.180252
1807, -208.073181, 330.535797, 133.458008
1808, -151.060333, 319.407959, 118.855621
1809, -145.925934, 347.146301, 126.069145
1810, -127.070587, 378.577637, 150.660248
1811, -149.503937, 397.051941, 172.204376
1812, -180.049316, 400.690857, 190.816254
1813, -209.511871, 426.023163, 191.977295
1814, -252.376099, 409.115814, 171.202484
1815, -257.727966, 389.250122, 144.235535
1816, -261.346863, 366.603119, 109.693657
1817, -233.872070, 372.812378, 89.788719
1818, -193.176483, 357.670410, 78.565567
1819, -172.429199, 384.734222, 87.836914
1820, -155.460739, 418.345428, 113.160797
1821, -175.244751, 438.086975, 134.208054
1822, -201.727722, 467.326752, 150.178925
1823, -234.636597, 452.181793, 148.903564
1824, -282.187805, 445.348938, 128.488098
1825, -293.180634, 425.109680, 97.583153
1826, -282.568909, 400.270111, 67.821274
1827, -256.244293, 405.761597, 42.996277
1828, -216.860764, 392.611145, 34.970585
1829, -186.280731, 422.027771, 48.099899
1831, -205.071198, 472.946228, 100.659485
1832, -234.144623, 505.217529, 114.690323
1833, -274.931000, 499.838440, 105.752548
1834, -307.025024, 479.274048, 79.744400
1835, -315.324585, 461.993256, 48.349174
1836, -299.318054, 443.465515, 20.947542
1837, -274.680237, 438.218597, -1.773712
1838, -233.626465, 446.127319, -0.473470
1839, -207.422577, 469.442352, 17.698576
1840, -208.069580, 499.706757, 43.385612
1841, -239.872070, 507.538940, 56.310314
1843, -314.226746, 529.019775, 52.503307
1844, -322.408203, 508.252197, 27.108093
1845, -327.139771, 476.923950, -6.939358
1846, -298.051514, 484.268890, -29.222042
1847, -259.782135, 474.437927, -36.589024
1848, -222.316010, 502.252167, -21.962334
1849, -230.690308, 528.117432, 0.539380
1850, -254.197723, 545.400391, 18.801792
1851, -276.509583, 579.486084, 36.598301
1852, -319.768616, 570.027222, 24.016348
1853, -341.986023, 548.350159, -3.753042
1854, -334.295807, 529.685547, -32.644863
1855, -312.997559, 509.687500, -55.668991
1857, -161.792465, 177.627365, 369.375916
1858, -157.766754, 175.960815, 334.962860
1859, -148.731873, 181.326324, 303.977692
1860, -120.424988, 197.881699, 274.180115
1862, -46.355450, 193.335114, 265.563416
1863, -32.018173, 210.612595, 290.423157
1864, -33.233322, 225.728745, 322.582397
1865, -42.879768, 236.795395, 352.858643
1866, -62.423134, 246.202759, 381.240479
1868, -127.983902, 252.781448, 394.267517
1869, -170.548889, 225.545258, 371.238647
1870, -180.562912, 200.484222, 342.711365
1871, -167.767059, 191.561081, 313.199219
1872, -147.771362, 192.961670, 283.880951
1873, -120.587051, 207.022095, 260.230072
1874, -67.969330, 194.483429, 255.827499
1875, -41.504971, 220.207153, 274.614807
1876, -36.008759, 239.906830, 303.453979
1877, -48.221077, 254.234421, 332.872742
1878, -74.334198, 261.125305, 356.074921
1880, -139.276520, 269.417480, 371.314697
1881, -170.306335, 246.681686, 351.710144
1882, -179.504944, 225.886536, 325.360138
1883, -174.651062, 201.939514, 295.193787
1884, -151.789337, 204.825363, 269.198364
1885, -140.709351, 192.416367, 251.118652
1886, -68.419098, 210.879669, 252.166946
1887, -49.390709, 239.189865, 275.275452
1888, -51.616222, 262.049225, 301.204712
1889, -71.329681, 274.983582, 327.172333
1890, -93.510590, 293.439270, 346.483398
1891, -128.831848, 287.513184, 348.740356
1892, -171.354355, 271.738678, 335.954468
1893, -188.864212, 238.601974, 311.941467
1894, -179.725250, 220.158508, 281.904175
1895, -158.665192, 221.037094, 256.165131
1896, -147.576828, 210.214539, 239.787537
1897, -75.326057, 229.497803, 240.409058
1898, -58.971161, 259.419006, 262.544800
1899, -68.362007, 281.133148, 290.329102
1900, -88.199928, 296.524048, 315.003632
1901, -119.163727, 309.377136, 329.036194
1902, -157.152023, 298.676788, 325.797028
1903, -184.361969, 273.899475, 303.763885
1904, -192.811127, 245.851929, 274.895172
1905, -171.721542, 237.788315, 249.408051
1906, -158.560791, 220.023956, 227.955322
1907, -86.146263, 240.836456, 223.777802
1908, -73.237122, 273.328918, 241.036911
1909, -79.309265, 298.608704, 266.253540
1910, -99.345924, 313.743805, 294.685669
1911, -126.560959, 328.268280, 311.279785
1912, -164.659561, 315.678528, 308.940582
1913, -192.003662, 290.872559, 288.804688
1914, -202.654602, 259.902802, 257.981903
1915, -181.321808, 253.597946, 230.714340
1916, -169.073059, 237.296417, 208.107544
1917, -98.817734, 255.167389, 203.957977
1918, -82.057198, 287.627319, 221.199081
1919, -97.974693, 314.135071, 243.895309
1984, -174.985870, 326.911621, 289.830750
1985, -201.569275, 302.381195, 268.637024
1986, -213.814423, 273.623657, 237.774445
1987, -195.223312, 270.994965, 209.869171
1988, -183.002747, 254.099625, 185.307495
1989, -111.189575, 272.555664, 182.403290
1990, -99.728363, 299.577698, 197.020325
1991, -101.204605, 330.266418, 221.327133
1992, -125.648010, 345.332336, 240.670990
1993, -153.397461, 371.962341, 256.189392
1994, -192.891281, 364.394470, 248.007019
1995, -223.779297, 345.945862, 224.214401
1996, -234.219879, 312.801575, 191.470566
1997, -215.354782, 307.501648, 164.190475
1998, -199.649460, 294.460327, 143.188293
1999, -131.094162, 313.999664, 142.992050
2000, -126.779533, 340.624390, 161.373260
2001, -131.468414, 371.859558, 183.317139
2002, -155.703888, 383.793030, 203.675293
2003, -186.886871, 405.043762, 213.262299
2004, -238.028107, 394.911926, 198.713913
2005, -245.663132, 373.316528, 173.574326
2006, -251.084152, 345.984131, 139.209564
2007, -224.369934, 347.182922, 115.258499
2008, -200.894028, 345.579163, 100.986862
2009, -162.135254, 359.889648, 106.258179
2010, -139.024750, 391.555542, 130.400894
2011, -160.108734, 411.729248, 152.772003
2012, -190.266846, 418.948303, 169.493744
2013, -221.325989, 444.859711, 169.601471
2014, -263.770905, 427.103455, 149.707382
2015, -276.358276, 406.945740, 118.423920
2016, -266.921387, 382.322815, 86.396317
2017, -240.169907, 390.283875, 65.221550
2018, -201.484604, 379.669495, 58.049831
2019, -185.014755, 409.453613, 70.486801
2021, -191.240570, 460.706848, 123.069199
2022, -221.386475, 484.208801, 133.493393
2023, -263.193054, 475.917419, 123.869232
2024, -289.932922, 455.412201, 96.063896
2025, -294.423218, 439.830750, 62.666302
2026, -277.833710, 425.756775, 33.130093
2027, -252.150620, 422.779053, 14.941891
2028, -212.214020, 438.479187, 19.315777
2029, -185.279434, 474.955750, 49.356850
2030, -207.488159, 487.757446, 73.588425
2031, -227.714111, 508.890350, 89.686646
2032, -267.585632, 520.353394, 86.768204
2033, -312.801300, 501.151672, 61.507195
2034, -317.463776, 483.333923, 29.651394
2035, -303.163605, 463.480896, 1.016315
2036, -274.130310, 459.498047, -18.675436
2037, -225.493515, 474.798340, -10.145087
2038, -216.188751, 506.313171, 13.087760
2039, -238.554977, 526.072144, 33.410103
2040, -261.474060, 559.156250, 52.463905
2041, -305.791199, 555.165405, 40.728226
2042, -332.131287, 532.613770, 13.471838
2043, -329.860626, 517.504578, -19.219883
2044, -308.928528, 501.925049, -43.788265
2045, -256.170837, 493.712067, -52.032379
2046, -236.878159, 522.174011, -29.294033
2050, -53.312943, 225.429352, 398.958832
2051, -37.221642, 215.260345, 370.008240
2052, -23.776548, 201.140411, 343.458344
2053, -10.420505, 187.911377, 313.975555
2054, -4.581856, 173.741760, 285.193207
2055, -2.795443, 160.098007, 254.334534
2056, 7.762349, 156.359985, 221.841461
2058, 18.890738, 136.338608, 225.590652
2059, 13.407733, 148.280212, 258.568787
2061, 9.799676, 174.584427, 323.027466
2062, 1.183724, 183.293182, 351.539886
2063, -12.963125, 194.966553, 381.316711
2064, -30.667318, 199.661423, 408.037354
2066, -85.214035, 210.378708, 435.051575
2067, -128.659912, 196.124496, 431.613098
2070, -28.981024, 162.768707, 418.510498
2071, -5.353839, 157.710297, 393.076965
2072, 16.024059, 148.967255, 372.900116
2073, 29.302717, 114.664452, 365.631836
2074, 49.452194, 88.207275, 359.867004
2075, 58.104183, 54.640179, 360.401367
2076, 74.967766, 24.548737, 360.778015
2077, 89.954544, -5.823749, 361.255005
2078, 109.002548, -31.616615, 360.593262
2079, 118.722847, -64.858513, 357.238342
2080, 113.345688, -93.920761, 384.385620
2081, 131.109497, -103.482628, 412.095520
2082, 116.454041, -135.432205, 435.406067
2085, 26.465963, -147.661499, 430.028656
2087, 75.608185, -138.384552, 446.889404
2088, 104.196121, -121.022324, 437.500885
2089, 120.557480, -91.841118, 424.789886
2090, 123.438316, -53.283012, 415.805298
2091, 103.879333, -27.437811, 409.018494
2092, 82.342445, -0.707594, 404.386841
2093, 65.773018, 28.437647, 405.398743
2094, 48.792721, 53.695251, 407.045044
2095, 21.691999, 77.726952, 411.854492
2096, 21.991446, 111.681122, 423.591980
2097, -2.953279, 134.132263, 434.466125
2098, -29.823616, 148.813828, 445.298187
2112, 67.811188, 101.826874, 114.033813
2113, 43.916130, 127.397209, 113.044861
2114, 21.106445, 162.704071, 115.222961
2115, -9.639444, 170.253052, 114.271423
2116, -43.965668, 169.231796, 120.574577
2117, -82.355591, 175.206161, 125.288170
2118, -106.081909, 151.581268, 132.023163
2119, -137.660431, 125.278839, 135.859482
2120, -139.375061, 91.747459, 142.711273
2121, -137.612366, 56.862793, 146.223541
2122, -129.033386, 25.469471, 145.822998
2123, -142.474167, -10.885715, 129.791870
2124, -132.955490, 26.670218, 113.619957
2125, -139.286438, 59.831657, 111.527542
2126, -127.904495, 98.283897, 106.720703
2127, -135.841431, 136.860565, 104.733948
2128, -104.978828, 151.711151, 99.945900
2129, -74.340958, 172.635345, 95.943192
2130, -36.044205, 166.101105, 90.750206
2131, -2.123134, 164.946808, 87.328293
2132, 22.137541, 133.249710, 85.130318
2133, 50.820415, 112.616455, 88.219902
2134, 61.378288, 83.771683, 84.738235
2135, 94.259964, 67.150223, 85.997475
2136, 86.144539, 13.764896, 81.133057
2137, 98.711426, -6.677563, 84.708115
2138, 124.959274, -36.134598, 88.756714
2139, 119.666092, -72.948357, 89.660156
2140, 120.098541, -106.701889, 82.583153
2141, 87.761932, -131.085388, 79.265465
2142, 62.151382, -157.847198, 82.746460
2143, 28.537504, -136.717651, 91.432465
2144, -3.536139, -131.892853, 98.820770
2145, -35.892845, -125.098801, 106.828232
2146, -66.075104, -106.849815, 107.159866
2147, -91.954857, -86.256516, 112.222069
2148, -115.392151, -62.559395, 108.944031
2149, -94.814407, -40.482491, 89.853027
2150, -117.462486, -68.521614, 78.299980
2151, -92.802063, -93.523308, 77.498184
2152, -65.024887, -111.529778, 74.953705
2153, -36.913055, -132.664291, 74.042389
2154, -2.334460, -137.501282, 66.038513
2155, 30.913971, -136.297760, 59.375507
2156, 61.974304, -156.665237, 50.273449
2157, 88.081535, -129.659698, 43.780773
2158, 119.819542, -105.961029, 41.158615
2159, 119.462082, -71.391937, 40.832787
2160, 97.906944, -31.964172, 42.415272
2163, 92.169006, 64.687569, 47.593975
2164, 66.683273, 87.230331, 39.556549
2165, 51.199787, 119.461151, 42.261292
2166, 23.225452, 137.866470, 44.487984
2167, -2.158059, 162.749634, 49.742443
2168, -35.983803, 164.657043, 58.740532
2169, -63.575836, 162.563293, 64.410210
2170, -100.279747, 147.756927, 70.738525
2171, -123.286148, 128.642990, 74.469551
2172, -142.986176, 90.740562, 78.321487
2173, -144.694244, 57.316002, 81.878799
2174, -136.857651, 24.809217, 83.952682
2175, -127.497101, -7.297272, 85.639847
2368, -54.899216, -94.592804, 258.283386
2369, -50.952480, -98.295700, 295.622864
2370, -46.956303, -94.792923, 326.534424
2371, -35.422333, -90.499084, 358.774292
2372, -25.785078, -86.278931, 392.047668
2374, -10.803423, -113.613976, 398.091919
2375, -10.742182, -115.058014, 364.794922
2376, -12.520461, -114.304008, 331.956299
2377, -19.506872, -115.294769, 298.314087
2378, -22.683266, -114.317528, 264.573578
2379, -14.206661, -126.034958, 237.306229
2380, 1.289589, -135.554291, 263.751129
2381, 5.575617, -131.645599, 297.002502
2382, 8.706728, -129.931091, 328.735321
2383, 13.186706, -132.703842, 362.070068
2384, 14.038521, -139.143799, 393.317627
2387, 36.676037, -149.622253, 361.250702
2388, 34.447323, -148.217804, 327.558472
2389, 33.344566, -146.550339, 295.244629
2390, 28.124090, -149.722672, 262.238617
2391, 22.759029, -148.548050, 229.882904
2392, 43.648266, -147.561493, 211.044312
2393, 74.001579, -171.129822, 200.313782
2394, 79.943634, -169.034897, 230.997086
2396, 65.669968, -153.032379, 294.911865
2397, 61.903450, -159.257187, 328.690002
2398, 59.653404, -167.082336, 357.744751
2399, 56.536766, -171.414124, 391.863098
2400, 63.410545, -172.228485, 424.525330
2402, 115.356354, -161.752045, 435.400574
2403, 145.262589, -129.975601, 414.186096
2404, 143.679672, -114.080711, 382.390137
2405, 148.871033, -101.981956, 355.126160
2407, 146.478485, -98.938202, 287.329437
2408, 128.998108, -103.372787, 256.891968
2410, 119.053680, -120.345772, 222.082703
2411, 145.371735, -116.630447, 250.281677
2412, 154.052185, -105.371613, 280.349182
2414, 167.930206, -93.306351, 349.307007
2415, 173.011642, -120.916130, 373.664001
2416, 168.232300, -148.375397, 394.465820
2417, 133.386932, -182.315033, 410.998901
2418, 105.006264, -200.714752, 416.651978
2420, 56.104767, -198.585938, 389.559875
2421, 77.529373, -219.359528, 387.009949
2422, 109.903229, -216.586670, 393.899841
2423, 143.201157, -213.635971, 390.506561
2424, 175.704651, -189.556274, 376.548218
2425, 176.285553, -160.208893, 360.317474
2426, 180.698898, -125.039474, 340.838074
2428, 182.238190, -147.546997, 317.600189
2429, 181.928314, -176.772278, 334.429718
2430, 181.113754, -208.341675, 347.234100
2431, 173.447906, -239.634399, 359.403778
2432, 133.612610, -96.333954, -165.026443
2433, 148.553955, -67.543808, -167.448700
2434, 149.273346, -34.401825, -165.034042
2435, 165.968811, 12.625750, -180.547058
2436, 150.450043, -31.353653, -199.202255
2437, 149.684555, -65.401321, -195.618393
2438, 149.754974, -98.051376, -195.464462
2439, 145.605560, -133.006638, -196.917633
2440, 111.545609, -156.410339, -196.436310
2441, 88.165710, -181.932281, -194.578949
2442, 47.447845, -176.008636, -193.594223
2443, 17.030531, -196.973679, -191.937469
2444, -16.311390, -187.197327, -187.707947
2445, -48.984161, -179.776520, -181.489685
2446, -72.812737, -144.235718, -177.863571
2447, -97.022614, -121.022148, -174.312668
2448, -118.721085, -97.165482, -171.732391
2449, -137.035446, -67.842010, -168.519653
2450, -111.553032, -44.919579, -186.278717
2451, -133.168411, -69.157944, -201.467636
2452, -112.508041, -95.338890, -207.419617
2453, -92.622917, -120.846069, -215.231613
2454, -68.711220, -145.018616, -218.252975
2455, -48.656265, -170.681396, -221.405212
2456, -12.518082, -187.104248, -220.033859
2457, 21.312204, -185.531662, -220.973358
2458, 53.738037, -176.319641, -222.886032
2459, 94.856583, -182.355225, -224.986908
2460, 116.799240, -157.413666, -226.893402
2461, 147.595337, -130.941818, -228.558441
2462, 152.954315, -98.193993, -225.302124
2463, 151.990204, -64.181511, -225.163300
2464, 147.268066, -30.616804, -226.279541
2465, 164.091537, 14.715071, -241.641205
2466, 147.130280, -34.608932, -257.780426
2467, 151.178391, -66.939102, -259.452942
2468, 152.959656, -100.900986, -261.284912
2469, 144.431412, -132.944321, -260.743896
2470, 112.278931, -162.002548, -259.769714
2471, 89.138000, -183.944244, -258.248535
2472, 60.696144, -201.765076, -255.713043
2473, 19.728645, -193.859100, -250.842682
2474, -15.185236, -191.699081, -250.844406
2475, -49.469666, -171.453125, -246.982147
2476, -66.849655, -145.710815, -242.198181
2477, -92.492813, -120.903793, -239.458847
2478, -101.403709, -83.544914, -237.218246
2479, -129.162018, -66.205956, -234.892319
2480, -94.223557, -39.425598, -255.527069
2481, -123.628044, -65.772362, -265.954529
2482, -102.460693, -92.666428, -271.616028
2483, -92.436478, -124.350571, -273.172455
2484, -68.915054, -151.618164, -273.338959
2485, -41.333527, -169.829468, -274.123596
2486, -16.784840, -197.123886, -274.284882
2487, 19.020950, -195.260712, -276.116730
2488, 60.131252, -202.207748, -282.084106
2489, 87.566551, -186.628708, -287.846680
2490, 110.906479, -161.147705, -287.864990
2491, 134.297012, -136.824707, -288.996124
2492, 152.282257, -103.317825, -289.120392
2493, 151.066650, -68.350502, -287.207336
2494, 143.100159, -38.413506, -287.066040
2495, 131.856995, -6.053077, -285.783508
2496, 125.833252, -121.963097, -167.100403
2497, 109.551872, -153.133667, -166.424728
2498, 86.269119, -176.095856, -163.635086
2499, 47.630569, -173.706818, -160.500351
2500, 16.678999, -184.650436, -157.922379
2501, -19.089001, -187.117844, -150.294540
2502, -45.378952, -164.668625, -143.823593
2503, -74.030487, -145.367920, -140.729126
2504, -99.928177, -122.636589, -137.863892
2505, -121.692001, -96.581146, -136.539307
2506, -141.902740, -73.165894, -137.118042
2507, -117.845993, -49.532944, -120.642311
2508, -139.736038, -76.283554, -108.373650
2509, -117.150414, -101.042404, -107.469101
2510, -90.330566, -124.633224, -107.167969
2511, -62.175873, -144.111694, -109.463181
2512, -31.155346, -158.636581, -116.578384
2513, -5.640749, -182.273193, -122.152054
2514, 25.763449, -180.041565, -127.399162
2515, 65.637840, -185.727768, -134.535065
2516, 93.447906, -168.317993, -135.171219
2517, 113.576500, -139.001541, -134.974854
2518, 130.056854, -115.515396, -137.098602
2519, 144.621094, -79.234215, -138.177979
2520, 145.008240, -46.002205, -140.214584
2522, 126.361786, -34.797195, -109.130676
2523, 126.973206, -67.012833, -107.585495
2524, 137.309891, -106.444733, -106.112244
2525, 108.554100, -133.072372, -104.443993
2526, 88.268791, -159.151123, -104.154114
2527, 62.186199, -182.705048, -100.264641
2528, 23.345459, -176.115891, -94.283615
2529, -4.717900, -163.873993, -88.129639
2530, -38.738308, -153.910797, -85.599716
2531, -68.151276, -135.419464, -84.377258
2532, -95.775925, -114.548233, -80.991959
2533, -121.081985, -93.950195, -78.063843
2534, -137.958496, -65.400040, -76.805161
2535, -107.300522, -58.372536, -46.565144
2536, -124.986084, -83.634399, -41.420681
2537, -100.485550, -108.688194, -46.992184
2538, -71.359009, -126.085625, -52.027645
2539, -41.471691, -139.562073, -55.175682
2540, -9.419727, -153.586395, -57.718670
2541, 20.156879, -167.444977, -60.765419
2542, 59.979061, -174.552216, -69.031281
2543, 85.797142, -150.484467, -74.210716
2544, 102.276611, -121.590958, -76.171013
2545, 116.669449, -90.439568, -82.009262
2546, 120.046593, -57.804646, -78.942741
2548, 109.969330, -36.474518, -52.577393
2550, 115.558884, -107.159348, -47.173016
2551, 86.078606, -134.012650, -44.411118
2552, 65.609756, -161.086029, -40.247372
2553, 34.837540, -177.369568, -36.505962
2554, -1.203214, -149.687897, -28.730991
2555, -32.001476, -141.537048, -25.115702
2556, -65.653687, -131.042999, -23.873165
2557, -94.658081, -113.457382, -20.562710
2558, -115.979462, -90.068176, -17.789085
2559, -137.666779, -62.058769, -13.053096
