0, 84.601349, -148.482941, -704.616150
1, 93.700729, -117.061607, -714.814941
2, 82.627289, -86.349426, -721.809448
3, 54.714611, -64.434586, -725.420349
4, 18.994030, -61.091064, -734.690125
5, -13.037170, -75.305977, -739.668091
6, -37.629784, -97.906281, -746.817139
7, -53.419716, -129.502106, -752.243347
8, -51.427090, -162.391418, -756.315063
9, -28.286243, -191.868866, -759.383301
10, 2.560523, -207.492477, -758.246033
11, 36.924965, -205.001953, -761.261475
12, 67.145134, -189.742554, -762.359009
13, 89.087296, -160.461548, -765.625244
14, 96.547424, -127.689590, -770.296082
15, 87.358231, -93.093307, -776.784912
16, 57.667110, -74.167213, -786.890015
17, 22.590385, -73.783798, -793.385010
18, -7.934823, -88.687515, -803.580444
19, -34.862881, -112.776924, -810.144348
20, -42.243103, -147.064789, -813.140503
21, -34.434311, -180.943909, -813.657349
22, -6.816272, -201.493149, -814.724365
23, 28.046957, -209.439621, -812.412354
24, 61.555244, -199.661743, -814.508423
25, 86.918694, -173.284149, -818.480347
26, 98.066338, -141.624176, -826.523376
27, 93.071770, -107.343285, -834.362183
28, 70.816147, -81.885185, -844.070984
29, 36.030666, -80.465210, -854.812134
30, 3.905543, -89.887581, -861.271973
31, -17.881413, -116.351028, -868.823425
32, -30.636459, -147.502640, -873.281189
33, -23.721973, -180.647278, -874.268066
34, 3.380711, -204.441315, -874.770691
35, 39.441238, -208.095947, -875.235718
36, 71.533401, -193.738220, -877.088135
37, 94.319176, -166.708542, -881.311279
38, 102.160240, -131.925461, -887.938965
39, 92.637680, -98.861259, -897.067627
40, 63.286453, -80.868118, -906.140015
41, 26.967480, -83.538605, -918.518616
42, 3.141168, -103.728882, -925.928589
43, -16.035732, -132.759521, -930.557373
44, -16.408730, -167.279785, -934.185974
45, 3.656529, -197.147385, -934.513550
46, 37.299858, -210.802536, -934.931091
47, 71.526222, -202.288177, -938.154724
48, 95.347885, -177.842621, -942.961243
50, 102.191833, -110.720078, -956.078979
51, 78.609383, -87.527359, -963.784607
52, 41.837349, -86.440575, -974.368774
53, 13.740147, -105.086815, -984.034302
54, -6.767719, -132.653091, -987.794189
55, -6.214930, -168.655823, -990.871216
56, 17.028725, -195.086655, -993.408325
57, 52.164787, -205.203613, -996.677979
58, 84.704514, -193.590744, -998.212158
59, 109.008110, -165.792816, -999.411133
60, 112.637169, -129.655472, -1001.099854
61, 98.938538, -98.751274, -1008.570496
62, 68.916473, -84.259659, -1016.493774
63, 32.763489, -95.729424, -1029.090576
64, -45.690853, -116.087219, -720.589844
65, -52.080681, -150.038635, -721.851807
66, -38.901821, -182.873962, -722.945251
67, -9.688618, -204.736176, -724.834229
68, 25.278847, -209.047836, -727.004761
69, 56.447411, -192.907837, -730.352051
70, 79.164764, -167.967743, -735.573669
71, 95.156761, -136.384277, -742.725098
72, 89.933434, -103.592400, -748.665710
73, 68.500427, -77.092651, -754.012939
74, 35.913891, -67.620087, -762.225464
75, 0.775165, -74.857651, -770.002441
76, -30.741688, -95.480499, -774.333557
77, -46.723167, -124.703094, -780.846313
78, -45.964836, -160.919739, -784.885376
79, -26.282570, -189.536835, -785.895996
80, 4.651611, -204.592087, -786.880981
81, 41.378357, -206.419434, -788.965820
82, 72.866043, -191.109894, -787.769470
83, 92.378799, -161.607422, -793.751587
84, 98.257629, -128.074265, -800.481323
85, 87.676666, -94.396172, -807.329956
86, 57.931862, -79.858932, -817.288879
87, 23.233709, -78.107185, -826.868347
88, -6.568783, -92.650208, -834.255371
89, -32.524193, -118.993301, -839.956909
90, -35.183964, -153.501709, -846.430420
91, -24.323154, -186.129456, -844.595642
92, 4.855367, -206.236938, -844.017822
93, 40.106094, -206.246124, -845.546387
94, 72.235153, -189.808960, -846.048218
95, 92.967621, -162.043137, -851.776611
96, 98.554520, -128.352936, -860.034668
97, 88.302269, -95.729797, -868.944763
98, 58.447441, -78.711449, -877.973511
99, 23.350470, -80.404076, -889.356689
100, -5.257638, -100.617661, -896.565430
101, -22.020491, -131.260925, -901.299805
102, -21.767347, -165.675430, -901.649597
103, -3.629585, -195.445480, -902.901978
104, 28.957489, -209.335815, -902.004089
105, 64.294479, -204.892914, -904.178467
106, 90.388138, -180.670502, -907.354004
108, 96.378418, -114.240387, -927.221558
109, 74.699356, -85.665756, -935.181152
110, 42.014790, -81.977318, -947.817566
111, 12.319944, -98.325851, -955.960449
112, -9.715358, -127.162003, -959.990173
113, -9.688897, -161.397141, -964.083984
114, 5.320525, -193.143555, -965.078247
115, 38.166336, -208.869919, -968.041992
116, 72.485107, -203.858551, -971.455994
117, 96.666000, -179.950119, -973.321960
118, 111.363922, -145.334930, -977.057739
119, 102.214554, -112.444687, -981.420105
120, 77.870361, -88.086472, -990.822266
121, 44.255180, -87.409576, -1004.344116
122, 17.689377, -105.674622, -1013.345642
123, -0.577240, -137.593369, -1019.089722
124, 2.718395, -172.098480, -1019.711853
125, 27.233986, -196.771179, -1020.474548
126, 62.558086, -198.980255, -1020.521973
127, 92.662743, -179.005600, -1018.628845
256, 145.961792, -129.688568, -309.456116
257, 142.918762, -97.899559, -323.045410
258, 134.859985, -66.718704, -335.083466
259, 122.448074, -34.931461, -345.379639
260, 102.434853, -8.930298, -346.698212
262, 119.604637, -7.324952, -315.623199
263, 138.464386, -34.441483, -313.284668
264, 146.408295, -67.949310, -309.122070
265, 145.757202, -102.099876, -305.845337
266, 134.501373, -134.180664, -300.829590
267, 115.141205, -160.666748, -294.545959
269, 59.306419, -195.099899, -294.980896
270, 26.534943, -198.366623, -303.341339
271, -8.191906, -195.673615, -306.535889
272, -39.320591, -181.328781, -307.872284
273, -66.325981, -158.309814, -306.085388
274, -80.757248, -128.696136, -303.785248
275, -87.548248, -96.125938, -298.461060
276, -87.709808, -61.242386, -296.148956
278, -85.913902, -75.717789, -329.955505
279, -80.896652, -107.067741, -334.289917
280, -71.195221, -139.933594, -335.468048
281, -54.256271, -169.658936, -333.075073
282, -27.584240, -190.898788, -333.043457
283, 5.983165, -201.658417, -330.671051
284, 40.012829, -203.554871, -330.063354
320, 132.852692, -136.501907, -338.314026
321, 144.313736, -106.086510, -351.084473
322, 136.266754, -72.111053, -360.322327
323, 117.904526, -42.535503, -364.615784
324, 89.331818, -23.231390, -368.363495
325, 60.104721, -10.258570, -372.410187
329, -62.491398, -57.368572, -356.575806
330, -76.435509, -88.942688, -354.985229
331, -77.210709, -122.998505, -356.165375
332, -67.311424, -155.849411, -357.616669
333, -43.390015, -182.065125, -358.547302
334, -13.546305, -200.101074, -356.937012
335, 18.852758, -208.433701, -354.771606
336, 55.625225, -203.932861, -356.613953
337, 82.518761, -186.131439, -358.192139
338, 110.803528, -164.577927, -363.713623
339, 125.504295, -134.699524, -370.953613
340, 130.097717, -100.272820, -379.078125
341, 121.208176, -69.777344, -388.686462
342, 99.105270, -45.254333, -392.557129
343, 68.692154, -26.108343, -395.386047
348, -75.377640, -86.617508, -383.562378
349, -76.005600, -121.488914, -383.223999
350, -63.351547, -154.169678, -383.135712
351, -43.361187, -183.408325, -382.115204
352, -13.455585, -202.895432, -383.014160
353, 19.206367, -210.594086, -383.876404
354, 53.488853, -206.388718, -387.548920
355, 83.654137, -191.600449, -393.214783
356, 111.866684, -166.787079, -400.542664
357, 122.050194, -133.729233, -407.552734
358, 119.318237, -100.190552, -414.587402
359, 107.945793, -68.026337, -419.629486
360, 82.271515, -44.751415, -418.656189
361, 51.509712, -28.798647, -417.367065
364, -47.697670, -47.865234, -414.208740
365, -65.154861, -77.950745, -412.228760
366, -69.901054, -112.486069, -412.793152
367, -64.421722, -144.664536, -411.650269
368, -45.804790, -173.095016, -412.812134
369, -19.352978, -198.237045, -414.602966
370, 12.645372, -210.422531, -415.367737
371, 47.316616, -206.071045, -420.906586
372, 80.163353, -197.535995, -423.614380
373, 103.574707, -172.350586, -431.521088
374, 117.819260, -139.005859, -439.059265
375, 113.996521, -106.153122, -443.818573
376, 100.928307, -71.303940, -445.692230
377, 76.138229, -50.070721, -445.519135
380, -22.765556, -33.065384, -447.183807
382, -72.338326, -82.249184, -449.028992
383, -67.894745, -118.867355, -447.657227
384, 73.812431, -55.011818, -465.724304
385, 42.914986, -36.652645, -467.063538
387, -22.942617, -38.347832, -472.181702
389, -71.662918, -87.131035, -472.571777
390, -74.221336, -122.090813, -474.760132
391, -61.976738, -155.301758, -473.977722
392, -39.298309, -179.190613, -475.289612
393, -9.878225, -198.939743, -478.673035
394, 23.411369, -205.668198, -480.284729
395, 57.735226, -200.063202, -489.220184
396, 85.479454, -180.410370, -496.738525
397, 102.446060, -148.984863, -505.037048
398, 98.469902, -116.872894, -511.224243
399, 88.991776, -84.437302, -516.658691
400, 62.926262, -57.260399, -520.907227
401, 33.374512, -42.451332, -524.547363
404, -61.496658, -67.886421, -534.713745
405, -71.665527, -101.495972, -537.062866
406, -68.683350, -135.791290, -538.988342
407, -54.160606, -167.624756, -537.196716
408, -28.327549, -190.927902, -538.057495
409, 2.861815, -205.244385, -540.328491
410, 38.396496, -203.499847, -546.031006
411, 69.167503, -186.707870, -551.327942
412, 89.246208, -159.810944, -559.074219
413, 96.804108, -126.155624, -565.542114
414, 88.022575, -92.571350, -572.040894
415, 67.165695, -63.944958, -577.762390
416, 40.117847, -45.456474, -582.164795
417, 6.336748, -40.979073, -587.600098
419, -54.345001, -72.747765, -593.861206
420, -64.255646, -105.569847, -597.939148
421, -64.490265, -139.882782, -599.477600
422, -51.988693, -174.518417, -597.239929
423, -26.946285, -196.668152, -600.744629
424, 7.022580, -206.480927, -603.352173
425, 43.312645, -199.379852, -608.149170
426, 70.104553, -180.240356, -612.136841
427, 89.265579, -151.210922, -620.002136
428, 95.125580, -118.615204, -626.846924
429, 84.346039, -85.821106, -634.119263
430, 60.970970, -59.433311, -638.174072
431, 30.088709, -45.703510, -643.749146
432, -5.726895, -52.924694, -648.196411
434, -54.711990, -98.674011, -654.159973
435, -60.143723, -133.740662, -658.199463
436, -52.503063, -167.884933, -659.114868
437, -29.599537, -192.984558, -663.469910
438, 4.013553, -205.079468, -665.657349
439, 38.862923, -201.346359, -669.251221
440, 66.404449, -181.702744, -674.356384
441, 88.779709, -153.195816, -679.419678
442, 94.081848, -119.914551, -684.057739
443, 84.189270, -88.857544, -692.884766
444, 58.969513, -65.803574, -698.377380
445, 26.193871, -55.086609, -703.429871
446, -9.127007, -65.430435, -710.288635
447, -32.501167, -94.185783, -712.150574
448, -56.044994, -163.414398, -444.890594
449, -32.151428, -187.787598, -448.358032
450, -0.530833, -206.351624, -449.775391
451, 33.527184, -206.778351, -453.394745
452, 67.534973, -197.908783, -458.226410
453, 91.942139, -175.670578, -466.669769
454, 106.778748, -144.808640, -476.260834
455, 104.355972, -110.302200, -484.387207
456, 88.903870, -78.774658, -490.660828
457, 65.766190, -55.129906, -495.732178
458, 35.916405, -38.690849, -496.397552
461, -61.219116, -69.725754, -502.974426
462, -73.446579, -100.651482, -505.472168
463, -70.958466, -135.749023, -505.996674
464, -54.781143, -167.034424, -506.826538
465, -29.238356, -190.043030, -507.550507
466, 2.308374, -204.609985, -509.422729
467, 37.338097, -202.184235, -516.949585
468, 69.411469, -191.370163, -520.254150
469, 89.631607, -162.033539, -531.193359
470, 96.552368, -130.613403, -538.131470
471, 88.859100, -96.368866, -546.111389
472, 71.962555, -65.843292, -547.775635
473, 44.277084, -45.815456, -553.171265
477, -67.806175, -96.293449, -566.166748
478, -68.847717, -131.167511, -566.450195
479, -57.012375, -164.103378, -565.925964
480, -33.770630, -189.021286, -567.412598
481, -0.568218, -204.338348, -569.091431
482, 34.647072, -201.997528, -574.202637
483, 65.556419, -187.135162, -577.820740
484, 89.514801, -161.578156, -585.640747
485, 96.124199, -128.305878, -593.164551
486, 89.643173, -93.722221, -602.532104
487, 69.599564, -68.208679, -608.243469
488, 42.253952, -47.069550, -613.160278
489, 7.567126, -45.130871, -620.160706
491, -50.011658, -82.788544, -626.202271
492, -62.443588, -114.784607, -630.582520
493, -63.486839, -149.758972, -630.644409
494, -45.835339, -179.305786, -632.222656
495, -17.712685, -202.102753, -633.452393
496, 17.006884, -205.144455, -634.678955
497, 50.340973, -193.978500, -639.627625
498, 72.688217, -170.055695, -644.116211
499, 90.736839, -140.634583, -649.899414
500, 91.805557, -105.481232, -657.300415
501, 76.332726, -75.822769, -665.427673
502, 47.173729, -58.389843, -670.547974
503, 13.350700, -51.675301, -676.833923
504, -18.454161, -64.934212, -681.940552
505, -44.332733, -90.823410, -685.528687
506, -54.731548, -123.977676, -690.200867
507, -52.026821, -156.220032, -694.581055
508, -33.732773, -186.600159, -693.227783
509, -4.522900, -206.391785, -694.987488
510, 31.682165, -206.454880, -696.417358
511, 61.596626, -185.521667, -698.951965
576, -133.161255, 26.801495, -735.292358
577, -100.389648, 17.024624, -741.901001
578, -66.254135, 24.617100, -747.230469
579, -38.015984, 46.312485, -752.542480
580, -24.118439, 78.389236, -756.202271
581, -25.165257, 114.452515, -758.256470
582, -41.474014, 146.180603, -760.001099
583, -72.120041, 166.737045, -763.445679
584, -105.670151, 167.544296, -767.192871
585, -140.277435, 158.359711, -771.480164
586, -162.729218, 132.116257, -778.294434
587, -172.732391, 97.960648, -784.584351
588, -167.585052, 64.465172, -789.305603
589, -146.403275, 37.554092, -795.422852
590, -113.920677, 21.775509, -799.425415
591, -80.638809, 23.832119, -804.036377
592, -50.861946, 41.715218, -811.309937
593, -30.319477, 69.696510, -814.031677
594, -27.766943, 103.467117, -819.370972
595, -34.668472, 138.035446, -821.132812
596, -61.655968, 161.513641, -825.245972
597, -98.119385, 165.863708, -829.629333
598, -129.636795, 155.706116, -832.416748
599, -157.908386, 136.287155, -837.818604
600, -172.672577, 103.194824, -843.951111
601, -166.606827, 70.307037, -848.984009
602, -146.123016, 43.589672, -854.607605
603, -114.219650, 28.959595, -860.674255
604, -79.392494, 30.036110, -867.700623
605, -50.823402, 47.442764, -873.924683
606, -28.171194, 76.418610, -876.188110
607, -25.744308, 110.307739, -877.832642
608, -36.002213, 144.459473, -881.772095
609, -67.523773, 165.796143, -885.420105
610, -101.357964, 165.909393, -888.478760
611, -134.295853, 154.869659, -895.105469
612, -157.410950, 129.870010, -902.818848
613, -168.253342, 96.845337, -909.966980
614, -157.207550, 60.680283, -915.614441
615, -130.277466, 42.985939, -919.623230
616, -97.425323, 33.036579, -920.202515
617, -62.562492, 47.050522, -928.033569
618, -34.580570, 68.055145, -935.677185
621, -59.924698, 162.828918, -947.165405
622, -94.465607, 167.645569, -952.417725
623, -127.999695, 157.012527, -958.731934
624, -150.815384, 131.665558, -965.845337
625, -156.046860, 97.881676, -975.048767
626, -145.107407, 64.929688, -977.604431
627, -118.768883, 43.437954, -982.568359
628, -83.974968, 39.120743, -987.025085
629, -53.705170, 55.371609, -991.901733
630, -31.079947, 81.327690, -996.337891
631, -28.198101, 117.338913, -999.692139
632, -42.372902, 149.492783, -1002.525024
633, -76.028984, 164.651962, -1006.968384
634, -109.290207, 160.057205, -1014.997437
635, -140.788696, 143.898331, -1022.140320
636, -158.600693, 113.718864, -1030.230713
637, -154.088272, 75.779854, -1032.553589
638, -123.725571, 56.476357, -1036.952026
639, -92.193390, 47.290497, -1035.693604
640, 1.915843, 107.370590, -493.449585
641, -6.624122, 143.001892, -491.008789
642, -32.297791, 168.376801, -488.575409
643, -63.820507, 180.228088, -486.699310
644, -99.048607, 174.816833, -488.259827
645, -130.769257, 165.274628, -491.436768
646, -155.376587, 139.458084, -496.389038
647, -169.685532, 109.052544, -504.584808
648, -171.886215, 73.463211, -509.997070
649, -161.881836, 42.941566, -513.954651
650, -138.487152, 14.877280, -517.230103
651, -110.112610, 0.001019, -521.691833
653, -45.551674, 9.084727, -537.274780
654, -15.987826, 31.824669, -544.639709
655, -4.392538, 64.315659, -550.832031
656, -2.583801, 99.925415, -553.336548
657, -15.399000, 131.450119, -554.532715
658, -38.249844, 157.272491, -552.227539
659, -68.395279, 175.765121, -549.679749
660, -102.653397, 175.914368, -547.575562
661, -136.227966, 162.703827, -549.395203
662, -159.422974, 139.331299, -553.015076
663, -175.748047, 108.546661, -559.817505
664, -176.920715, 73.894630, -567.844666
665, -166.711487, 41.439777, -575.693481
666, -144.627930, 15.346769, -582.093079
667, -113.964142, 2.495302, -589.074768
668, -77.531677, 3.532983, -597.047363
670, -22.171703, 41.811279, -605.831177
671, -12.076807, 73.738342, -608.703430
672, -13.035365, 109.881683, -611.196960
673, -30.091980, 139.186203, -609.554321
674, -55.571941, 163.293625, -612.068848
675, -88.434898, 173.409302, -613.259766
676, -123.770531, 168.417343, -615.849365
677, -154.754807, 155.030365, -618.593872
678, -174.456635, 124.473991, -624.985474
679, -179.495850, 92.743591, -628.236755
680, -171.869797, 58.886566, -633.053345
681, -152.597992, 28.363991, -636.822998
682, -123.002525, 10.705961, -643.940857
683, -90.908234, 7.578197, -651.423828
684, -58.292152, 17.685953, -657.468201
685, -28.759579, 39.588699, -664.665771
686, -18.747894, 72.199455, -670.284790
687, -20.607105, 107.899902, -673.620483
688, -34.175201, 140.492401, -674.017700
689, -60.785812, 162.243469, -676.936951
690, -93.942070, 170.902924, -677.510681
691, -129.503403, 163.708710, -681.001831
692, -157.739609, 146.923737, -683.854248
693, -175.345993, 115.807304, -690.115906
694, -174.568054, 79.736969, -694.121460
695, -161.178589, 49.242397, -698.160767
696, -137.362350, 24.810547, -702.690186
697, -104.090286, 14.490753, -706.607788
698, -69.707924, 18.360519, -713.118164
699, -39.971230, 38.017147, -718.781189
700, -24.626097, 67.953613, -723.990112
701, -21.020084, 103.555603, -728.080017
702, -33.108524, 136.772934, -730.484558
703, -62.296795, 157.236176, -733.266052
704, -90.239868, 166.946060, -734.145996
705, -123.736542, 164.701416, -739.917969
706, -152.682739, 145.965637, -747.511108
707, -170.332550, 118.050171, -754.909058
708, -173.343979, 83.967453, -757.705994
709, -160.557251, 53.548717, -762.415466
710, -136.390900, 28.323446, -765.743774
711, -105.389618, 14.874804, -767.958130
712, -70.861847, 25.079475, -775.335876
713, -46.076134, 48.034870, -784.862061
714, -25.128958, 77.514694, -787.642090
715, -25.974926, 110.188873, -790.818726
716, -37.847973, 143.097321, -792.418579
717, -66.551575, 164.267578, -796.079468
718, -101.491440, 164.476273, -799.736023
719, -134.948395, 155.516830, -803.092651
720, -159.659027, 132.159088, -809.492676
721, -173.085968, 100.777954, -815.760254
722, -165.756790, 66.721359, -822.266052
723, -144.331879, 38.871735, -828.099060
724, -112.947830, 26.910357, -832.751587
725, -78.686348, 25.624378, -836.979980
726, -51.924545, 44.687279, -845.410278
727, -29.317509, 72.240829, -848.377869
728, -26.432323, 107.995285, -852.543640
729, -38.257103, 141.452087, -852.677979
730, -66.067963, 161.466782, -856.271118
731, -99.353630, 163.941437, -861.339600
732, -132.780609, 155.989075, -865.497803
733, -157.960297, 132.144714, -870.363953
734, -171.974457, 99.599380, -874.398682
735, -162.998199, 65.120132, -880.657654
736, -137.896698, 41.193844, -885.675476
737, -105.492874, 31.795174, -890.062134
738, -71.288521, 38.093418, -898.621704
739, -42.394424, 58.277451, -906.027405
740, -26.544897, 87.995728, -909.960205
741, -21.877058, 124.634354, -912.518433
742, -43.241024, 152.487061, -916.567749
743, -75.770050, 166.486938, -918.687866
744, -110.076103, 162.191483, -926.452820
745, -139.707428, 146.819855, -933.129883
746, -161.133865, 119.691582, -938.342407
747, -158.887268, 85.205421, -945.996216
748, -140.334961, 53.983696, -945.776611
749, -111.387001, 40.073463, -951.163208
750, -76.124924, 43.982681, -954.663940
751, -46.259869, 59.742199, -962.138672
752, -28.841282, 87.130569, -971.725708
754, -43.949821, 151.893494, -976.798767
755, -75.183670, 163.402145, -981.799988
756, -109.717339, 159.786896, -986.205566
757, -139.880859, 144.260742, -991.228516
758, -155.903381, 112.108902, -998.854858
759, -153.477051, 75.056778, -1003.161316
760, -129.772110, 52.428856, -1007.914490
761, -94.811676, 46.168983, -1014.495483
762, -63.112099, 52.775997, -1019.453491
763, -35.194668, 77.481384, -1024.197998
764, -25.972149, 109.388229, -1027.946533
765, -37.325920, 143.308502, -1030.106812
766, -69.879875, 162.034149, -1036.387085
767, -103.252960, 153.621201, -1035.595215
835, 39.577152, 37.676270, -403.137756
836, 48.460949, 71.827713, -403.132294
837, 45.488533, 106.098694, -404.733337
838, 29.347982, 137.425446, -400.803406
839, 4.904511, 163.484497, -398.391663
840, -24.490547, 181.338593, -394.419891
841, -58.150360, 189.825912, -388.954559
842, -93.253815, 186.643829, -384.745758
843, -122.662956, 169.167374, -378.508789
844, -142.719574, 142.121124, -379.167053
845, -155.396210, 110.106201, -381.853577
846, -157.717072, 73.992050, -387.991028
848, -124.830063, 15.155856, -399.558838
849, -95.835403, -0.593024, -403.317444
851, -29.511801, -1.199422, -415.409485
853, 24.381199, 40.759647, -424.836334
854, 32.631287, 73.388229, -427.626068
855, 31.182241, 108.737091, -429.169434
856, 13.836990, 140.245544, -425.994232
857, -11.595917, 162.109467, -425.270844
858, -42.577988, 178.361084, -424.227051
859, -77.337463, 178.757919, -418.062469
860, -111.658768, 171.788849, -414.292603
861, -140.097977, 149.953033, -411.234497
862, -156.400620, 119.995483, -414.468079
863, -161.606750, 85.575790, -416.161072
864, -154.918274, 53.399410, -420.944641
865, -137.408035, 22.591507, -427.039673
866, -108.531204, 2.608616, -431.174316
867, -76.519402, -8.281984, -434.499329
868, -43.005310, -3.966059, -442.561951
870, 13.837576, 40.446301, -450.101074
871, 24.516035, 72.497086, -456.489594
872, 20.973787, 106.861816, -456.425964
873, 4.438122, 137.338913, -457.096863
874, -22.112614, 160.498596, -452.666016
875, -50.946152, 174.069016, -448.456757
876, -85.652832, 177.642197, -442.561279
877, -118.636261, 170.052582, -438.727753
878, -145.383179, 146.632462, -437.836975
879, -160.294922, 116.058823, -442.235199
880, -164.178085, 82.589340, -447.414520
881, -159.294754, 47.621239, -452.905853
882, -141.300247, 19.291718, -458.245544
883, -113.932983, 1.682249, -464.674011
885, -45.141441, -0.254736, -475.751190
887, 2.996581, 48.317272, -485.074646
888, 13.426352, 81.318214, -484.510620
889, 6.376573, 115.571365, -484.502411
890, -6.034773, 147.372803, -478.724945
891, -35.317490, 166.830627, -475.075317
892, -67.987892, 178.846298, -467.850769
893, -100.949875, 175.844482, -463.998047
894, -131.545593, 161.501678, -460.262817
895, -156.440277, 134.580948, -459.302490
896, -131.490051, 164.785110, -332.805542
897, -149.170105, 134.733582, -331.746033
898, -156.977524, 100.472076, -333.025360
899, -158.410614, 67.238266, -333.198120
900, -150.977875, 33.148029, -333.781677
901, -131.362885, 6.436771, -334.132324
902, -104.089355, -15.098724, -336.084900
904, -108.426498, -5.482563, -366.566986
905, -135.122589, 17.388218, -367.243286
906, -151.864532, 48.061852, -366.056091
907, -156.074097, 82.318604, -365.192932
908, -151.771698, 115.416122, -364.025513
909, -137.418976, 146.617371, -361.994568
910, -118.574181, 175.026138, -364.689087
911, -92.826653, 188.213104, -380.243164
912, -57.897491, 189.900696, -377.255554
913, -27.474022, 191.270309, -368.057556
914, 3.024520, 176.092621, -367.806824
915, 28.554274, 151.847000, -368.947235
916, 49.414486, 124.616364, -374.699646
917, 56.126717, 91.878510, -382.138733
918, 58.205162, 58.939053, -385.379578
920, 71.205002, 56.355812, -358.771179
921, 66.412102, 88.270309, -355.654510
922, 58.964108, 122.416794, -349.704407
923, 40.586632, 150.288284, -346.801697
924, 13.749632, 170.799683, -343.686279
925, -16.506018, 187.024826, -341.720215
926, -47.960030, 194.753235, -340.184143
960, -169.915802, 99.142258, -470.007294
961, -166.008423, 65.608971, -478.211395
962, -152.011246, 32.958557, -482.747284
963, -128.990921, 10.100327, -489.539612
964, -95.896225, -4.170287, -491.897156
965, -63.353539, -2.164593, -500.489136
967, -7.423702, 36.064106, -514.797852
968, 3.310873, 68.541435, -521.331116
969, 2.666865, 103.077538, -525.246826
970, -12.616839, 134.437180, -526.074463
971, -35.161617, 160.108765, -523.375000
972, -65.000038, 177.202316, -521.552002
973, -100.778435, 176.592316, -520.046509
974, -130.885056, 163.837753, -521.611206
975, -156.605103, 140.065231, -524.754761
976, -170.612213, 109.449814, -531.347229
977, -174.188583, 76.328339, -537.428101
978, -164.393280, 44.877174, -542.593384
979, -143.705811, 18.055895, -548.597900
980, -111.772003, 6.962601, -557.232849
981, -79.199318, 2.467426, -562.348022
983, -20.349339, 39.179169, -576.437805
984, -9.570360, 69.385033, -579.715820
985, -10.927536, 104.246994, -582.635620
986, -24.271862, 135.821152, -581.805786
987, -50.120224, 159.241440, -582.253662
988, -81.384911, 172.753464, -579.000061
989, -115.677475, 174.260895, -579.384277
990, -145.879044, 156.749725, -579.215698
991, -168.557800, 131.777374, -584.014038
992, -177.200974, 99.539696, -591.148315
993, -174.806931, 65.618973, -598.437256
994, -158.787231, 35.421001, -607.170044
995, -132.701691, 13.069568, -613.820679
996, -100.973999, 2.206567, -618.426270
997, -66.182587, 9.318776, -626.198120
999, -21.479000, 59.039139, -637.279053
1000, -17.176390, 93.492294, -641.004883
1001, -26.636578, 125.159821, -642.962952
1002, -49.016571, 153.810715, -644.713989
1003, -79.313271, 170.523468, -643.987427
1004, -113.108337, 169.560959, -648.033691
1005, -146.272079, 156.232300, -649.344299
1006, -169.590424, 129.910492, -655.371521
1007, -178.454529, 98.973343, -659.062988
1008, -170.996826, 63.496246, -665.414551
1009, -153.087753, 33.994629, -669.287964
1010, -124.029556, 15.865335, -675.155579
1011, -91.030426, 11.096719, -681.068787
1012, -57.727829, 20.268908, -688.210266
1013, -31.489408, 43.491554, -691.608093
1014, -22.307247, 77.276306, -696.968994
1015, -24.697807, 111.858459, -702.706299
1016, -40.475357, 143.028473, -705.315613
1017, -68.960205, 164.705490, -710.248718
1018, -102.947960, 167.918564, -711.410034
1019, -135.073822, 159.451050, -712.728943
1020, -162.652435, 141.059723, -711.692871
1021, -179.158142, 108.420654, -716.853455
1022, -174.466843, 74.928581, -722.793091
1023, -153.463287, 46.989578, -729.836609
1024, 38.299152, 148.758713, -191.467133
1025, 66.007141, 128.823380, -192.671295
1026, 83.107246, 108.784027, -209.562408
1027, 66.631905, 129.383606, -228.960846
1028, 43.030514, 148.373215, -229.205444
1029, 14.437042, 165.645157, -227.162460
1030, -15.992164, 180.212585, -222.737030
1031, -48.214607, 190.304321, -217.465942
1032, -83.472183, 187.869247, -212.537567
1033, -111.313377, 172.275787, -206.158081
1034, -137.245117, 153.262421, -202.307175
1035, -151.849579, 122.780640, -200.879883
1036, -163.746918, 87.586113, -196.381012
1037, -163.268997, 55.038635, -195.431610
1038, -158.452454, 21.948502, -193.342163
1039, -149.716721, -10.001034, -194.759277
1040, -134.233231, -33.518059, -211.909149
1041, -147.501373, -12.817698, -229.929108
1042, -156.706436, 21.835823, -227.532623
1043, -164.733017, 53.416817, -226.350189
1044, -162.605103, 87.280602, -226.812363
1045, -153.761322, 121.343864, -229.629562
1046, -138.527557, 149.532333, -234.064484
1047, -114.302673, 174.744781, -238.000183
1048, -87.037376, 189.065643, -242.196625
1049, -50.608490, 194.177612, -246.245483
1050, -19.058901, 188.724304, -249.886826
1051, 11.486980, 172.205063, -252.690231
1052, 39.725075, 153.246384, -257.760803
1053, 63.527763, 132.721268, -262.839172
1054, 87.136353, 109.021286, -269.007660
1055, 88.768066, 83.487930, -289.657990
1056, 79.480255, 111.210968, -296.333801
1057, 57.744598, 139.230438, -290.945862
1058, 33.729897, 160.460968, -287.403656
1059, 7.878603, 178.933838, -284.010498
1060, -23.734152, 192.543732, -280.515533
1061, -58.587841, 193.007294, -279.565979
1062, -92.072342, 190.236023, -274.284851
1063, -121.016685, 172.768250, -269.687256
1064, -145.245407, 146.875854, -268.484558
1065, -158.813599, 117.754478, -266.636932
1066, -164.572723, 83.945007, -261.459595
1067, -159.594360, 49.201012, -260.907135
1068, -148.529083, 19.092026, -258.778259
1069, -132.660492, -11.289051, -258.381226
1071, -130.554840, -11.929644, -291.410858
1072, -144.407379, 20.134026, -291.902191
1073, -157.084763, 48.882202, -292.254700
1074, -163.626083, 83.335007, -292.518738
1075, -160.150146, 116.819969, -293.878052
1076, -147.685318, 148.329193, -296.654938
1077, -123.791061, 170.734726, -298.228027
1078, -96.029709, 186.261505, -302.264587
1079, -60.566662, 193.063599, -305.327179
1080, -27.511465, 190.292633, -310.243530
1081, 5.720461, 181.530640, -312.667480
1082, 31.485962, 161.874451, -316.115112
1083, 55.236938, 136.172409, -323.094055
1084, 68.976288, 108.218765, -330.023865
1085, 82.765091, 77.719925, -333.209473
1152, 10.501226, 172.365784, -192.482101
1153, -20.538111, 180.302032, -188.820190
1154, -52.897926, 185.219635, -183.081787
1155, -88.767029, 184.315186, -178.762375
1156, -117.281464, 168.680344, -173.731369
1157, -138.443817, 141.534882, -169.654648
1158, -156.501617, 112.335068, -167.013947
1159, -163.162125, 77.072563, -164.639999
1160, -164.718170, 45.814342, -162.609558
1161, -163.131836, 12.519961, -162.066406
1162, -155.469803, -20.955791, -161.999420
1163, -152.668793, -41.267193, -139.883179
1164, -162.869629, -8.749694, -131.616516
1165, -167.307648, 22.850515, -131.314697
1166, -165.336121, 57.799072, -132.207047
1167, -161.772919, 90.468018, -133.168884
1168, -150.090027, 120.695152, -137.314148
1169, -130.600983, 149.626343, -140.203857
1170, -105.009628, 171.933960, -144.214279
1171, -71.590851, 180.708420, -150.337143
1172, -38.963669, 180.850281, -157.457397
1173, -8.437649, 171.597046, -160.362030
1174, 21.196301, 153.471802, -160.854294
1175, 50.172684, 137.749847, -159.778351
1176, 74.354355, 113.461540, -156.641449
1177, 67.109871, 116.710541, -127.130615
1179, 12.987238, 156.728027, -126.885452
1180, -19.307119, 169.457886, -125.486816
1181, -53.012962, 175.889008, -126.098381
1182, -85.640862, 171.337875, -122.271713
1183, -115.384567, 156.663513, -116.578735
1184, -138.396927, 130.076447, -112.133438
1185, -155.174667, 102.290100, -106.795395
1186, -165.237640, 69.373672, -102.510651
1187, -168.572998, 37.109489, -99.635010
1188, -167.384903, 3.128339, -96.165985
1189, -161.541275, -29.721869, -96.471283
1190, -146.600006, -53.355064, -79.620720
1191, -161.697144, -31.037252, -62.363617
1192, -164.350449, 1.829916, -65.450523
1193, -167.043015, 33.431267, -68.901978
1194, -163.841965, 69.268463, -71.355438
1195, -153.109009, 101.020439, -76.447273
1196, -132.839111, 128.179047, -81.983421
1197, -110.137718, 150.122192, -85.884483
1198, -79.126511, 162.605072, -92.608208
1199, -46.409588, 163.932556, -97.738220
1200, -14.684027, 160.683960, -100.789917
1201, 19.197578, 149.530136, -103.486115
1202, 47.811943, 136.519943, -106.138756
1205, 14.293976, 147.812180, -68.418365
1206, -18.412395, 156.692230, -66.002007
1207, -51.733040, 160.253510, -66.229477
1208, -86.752525, 153.487274, -62.830547
1209, -115.071518, 139.557434, -61.799530
1210, -139.216141, 115.564102, -58.629250
1211, -155.358383, 83.824417, -55.817986
1212, -163.943542, 52.644760, -48.800289
1213, -162.124146, 18.578749, -42.123386
1214, -156.739990, -11.681209, -37.852581
1215, -151.241684, -46.280239, -35.146877
1283, 111.857903, -11.881965, 120.526001
1284, 122.035667, -43.936001, 121.414978
1285, 127.053345, -77.249046, 120.412659
1286, 118.124565, -110.912224, 117.605736
1287, 97.683517, -137.175568, 121.574738
1288, 67.818375, -157.761826, 126.582230
1289, 38.729450, -154.808563, 134.440460
1290, 2.566977, -152.758423, 141.573059
1291, -27.997566, -137.100845, 149.380096
1292, -53.220165, -117.345673, 151.974365
1293, -77.346840, -94.209801, 153.490707
1294, -99.049332, -69.114441, 149.938385
1295, -107.297775, -44.058414, 166.895432
1296, -89.599670, -67.886528, 184.072845
1297, -68.415680, -92.771629, 185.121567
1298, -44.658508, -119.300133, 184.943466
1299, -17.553539, -139.071014, 181.741501
1300, 14.122161, -152.954498, 176.757874
1301, 44.253128, -161.112061, 167.708542
1302, 74.646790, -158.525955, 157.863693
1303, 104.518463, -136.983521, 152.429291
1304, 118.930450, -107.962540, 150.283539
1305, 122.700714, -73.648979, 150.367615
1306, 122.789444, -42.301308, 152.229645
1308, 124.033539, -53.906490, 182.779388
1309, 128.566162, -87.286980, 183.223419
1310, 120.803024, -121.650108, 178.878693
1311, 104.488503, -151.730438, 183.737457
1312, 72.518661, -167.684204, 192.067200
1313, 43.057922, -163.573242, 201.367584
1314, 12.804444, -152.115463, 210.832184
1315, -18.528088, -141.500336, 213.256653
1316, -45.417343, -117.244736, 211.893494
1317, -65.115623, -91.351089, 210.384125
1318, -86.787735, -68.253220, 209.173889
1319, -99.164520, -41.654617, 228.488983
1320, -95.843224, -38.538383, 261.407928
1321, -89.003899, -35.743080, 293.295593
1322, -83.141632, -35.991241, 324.819519
1323, -73.625557, -31.865431, 357.608002
1324, -63.171539, -29.934998, 388.406982
1326, -46.232601, -59.491314, 397.909485
1327, -58.781868, -65.510712, 366.365417
1328, -69.303452, -67.590172, 337.647095
1329, -76.888443, -71.617905, 305.169037
1330, -81.736145, -73.862244, 272.111359
1332, -62.394081, -98.839386, 272.185272
1333, -61.638969, -99.575272, 304.643677
1334, -60.212749, -95.543594, 335.903809
1335, -44.959862, -90.360657, 367.986572
1336, -34.046951, -84.639450, 396.734314
1337, -23.696842, -81.570328, 425.640839
1338, -10.209845, -83.075699, 454.828094
1339, 7.689740, -86.360779, 481.574799
1344, -143.406830, 3.173755, 52.237541
1345, -145.351318, 35.528969, 49.696697
1346, -143.650970, 70.239059, 48.046505
1347, -131.501373, 103.081787, 42.651245
1348, -111.350098, 128.039185, 38.652889
1349, -85.626724, 149.218613, 35.910290
1350, -50.023983, 155.872650, 31.651321
1351, -16.877144, 151.730637, 28.901922
1352, 18.723551, 137.933670, 26.546036
1353, 46.206810, 119.638374, 28.562737
1354, 67.981880, 95.939568, 29.200766
1355, 88.438904, 67.129990, 28.761503
1356, 102.923149, 38.454296, 25.889929
1358, 118.479652, -28.829638, 20.140610
1359, 119.340660, -58.623055, 22.201736
1360, 115.237144, -95.173737, 22.063831
1361, 98.962425, -123.859299, 21.908850
1362, 71.131554, -145.313370, 25.433193
1363, 37.713512, -151.152313, 32.345554
1364, 4.799451, -150.110062, 36.256001
1365, -29.381893, -146.319733, 43.111012
1366, -59.343056, -134.894470, 46.945534
1367, -85.890953, -111.243164, 52.523613
1368, -104.426132, -83.361969, 53.044121
1369, -124.458717, -62.866386, 38.460274
1370, -111.848511, -85.165108, 22.240660
1371, -90.443863, -110.034332, 19.449875
1372, -64.786865, -132.554779, 13.919760
1373, -31.759228, -143.793381, 11.030556
1374, -1.057781, -152.070526, 8.102470
1375, 31.732906, -156.241150, 3.416130
1376, 64.381119, -149.035782, -1.857416
1377, 94.909660, -131.286163, -5.595499
1378, 113.914001, -103.079605, -7.766761
1379, 120.703636, -69.609550, -7.192245
1380, 118.350014, -35.867954, -7.093011
1381, 113.726616, 0.316235, -8.340324
1385, 46.322533, 115.116501, -7.574483
1387, -9.745413, 148.572525, -7.498515
1388, -43.819427, 156.499374, -3.026839
1389, -78.576942, 150.385132, -1.435756
1390, -107.352379, 135.427307, 3.823177
1391, -128.260666, 110.079277, 9.009253
1392, -141.985703, 78.649422, 13.870245
1393, -151.974655, 47.013943, 17.906027
1394, -151.361237, 14.620124, 21.574377
1395, -147.449829, -21.171040, 22.463745
1396, -133.697266, -46.000343, 9.930382
1397, -146.747742, -28.729086, -10.005723
1398, -151.910278, 4.131269, -15.180217
1399, -154.797760, 37.517540, -17.974621
1400, -152.259033, 70.086449, -20.830193
1401, -137.811157, 101.901505, -23.813282
1402, -119.738861, 131.623978, -26.865486
1403, -92.639587, 150.806503, -30.113499
1404, -58.270336, 158.762375, -34.821037
1405, -25.959982, 156.052856, -35.345791
1406, 8.639226, 142.996109, -36.891083
1407, 37.488007, 128.409973, -35.674816
1408, -123.260361, 2.468086, 178.716980
1409, -135.069641, 34.215096, 177.774231
1410, -140.521332, 67.878334, 176.951447
1411, -138.129761, 102.439995, 172.856873
1412, -121.540710, 133.100464, 167.642288
1413, -100.729660, 161.409454, 163.448685
1414, -65.108452, 168.750275, 161.545639
1415, -32.536522, 165.027756, 159.919891
1416, -1.348089, 150.270477, 158.317551
1417, 28.104506, 132.177368, 162.990265
1419, 26.693579, 132.235291, 196.091217
1420, 1.281385, 150.737732, 192.501572
1421, -30.748817, 165.516052, 189.462921
1422, -66.283447, 170.935883, 188.914581
1423, -100.491257, 164.921387, 188.137436
1424, -125.839951, 140.807663, 193.657532
1425, -138.144943, 109.962387, 199.624313
1426, -137.898010, 77.950386, 205.612228
1427, -127.314384, 45.253082, 207.998093
1428, -124.935181, 11.852409, 208.057892
1429, -111.514359, -19.804897, 210.414948
1430, -103.329033, -16.858578, 242.360718
1431, -97.895554, -10.243317, 275.869843
1432, -91.002869, -7.059658, 307.751495
1433, -84.495651, -3.692755, 340.210846
1434, -78.773773, 1.755924, 373.481659
1435, -72.813553, 10.604760, 405.390503
1437, -86.681885, 41.397705, 401.806732
1438, -92.063805, 35.652203, 368.808289
1439, -96.489487, 28.892628, 337.070221
1440, -101.535645, 22.854485, 303.446289
1441, -111.184586, 16.197624, 271.942657
1442, -111.268799, 30.852829, 241.795074
1443, -115.984337, 50.017258, 269.377686
1444, -109.071884, 57.785599, 302.482635
1445, -102.016617, 64.239929, 332.962097
1446, -98.172638, 70.555107, 365.429047
1447, -98.088272, 75.379639, 398.374878
1449, -111.505386, 104.239517, 393.556519
1450, -107.364159, 100.989441, 359.733948
1451, -106.076714, 96.252892, 326.906494
1452, -115.818848, 88.895493, 294.874573
1453, -118.746277, 83.873444, 262.123322
1455, -125.031670, 116.872856, 254.599655
1456, -118.078125, 121.856018, 286.274567
1457, -116.304291, 127.279503, 319.550262
1458, -115.471298, 129.378662, 350.750580
1459, -120.976341, 132.559601, 385.946716
1460, -115.025848, 130.786987, 416.958130
1461, -124.601196, 157.222290, 417.756165
1462, -132.239471, 155.247070, 381.231689
1463, -131.376251, 151.331360, 348.532074
1464, -124.247856, 152.340500, 315.880066
1465, -117.889282, 148.077988, 283.742554
1466, -117.336906, 143.381424, 248.935104
1467, -115.837646, 138.897369, 217.263611
1536, 136.658783, -316.999390, 200.583313
1537, 124.226273, -297.525269, 173.020065
1539, 168.182007, -256.394958, 139.420731
1540, 203.080490, -253.168259, 142.175262
1541, 231.966827, -268.127594, 157.549957
1542, 247.758041, -293.360199, 174.591339
1543, 237.448669, -324.959961, 190.400482
1544, 211.461456, -344.142761, 192.373932
1545, 179.950073, -354.560608, 177.919846
1546, 156.316208, -347.669769, 153.525970
1547, 146.242325, -326.874908, 126.221092
1548, 162.312454, -303.922302, 101.839653
1549, 195.025818, -288.287903, 91.375031
1550, 227.727539, -287.270966, 98.873627
1551, 254.871628, -305.170288, 114.495148
1552, 264.250031, -333.658997, 133.350815
1553, 252.854340, -363.582275, 147.211914
1554, 221.983322, -383.283447, 145.237473
1555, 191.457367, -389.240479, 128.348068
1556, 167.853256, -379.767181, 101.042831
1557, 164.647934, -357.881226, 74.655907
1558, 185.323486, -332.863098, 54.969620
1560, 254.688599, -324.081299, 54.981731
1561, 276.954529, -344.826477, 73.600731
1562, 282.819061, -373.916809, 89.460648
1563, 264.183777, -404.910126, 100.610825
1564, 234.348862, -422.315887, 96.376343
1565, 202.659836, -423.226257, 75.686203
1566, 186.494781, -406.387695, 48.736721
1567, 183.652908, -382.982971, 22.954729
1568, 219.059525, -365.656250, 5.989941
1569, 256.533997, -358.736542, 5.442691
1570, 286.066345, -370.911926, 19.684982
1571, 302.492065, -397.479370, 38.880459
1573, 263.672791, -450.152527, 58.404545
1574, 233.960983, -454.950928, 41.737736
1575, 211.453094, -447.219421, 13.379601
1576, 207.514038, -423.744385, -11.261969
1577, 222.774796, -400.758118, -33.699005
1578, 265.934753, -391.677979, -34.809429
1579, 298.388611, -398.610107, -26.650074
1580, 316.555786, -428.148102, -11.947256
1581, 310.933655, -456.228119, 5.389874
1582, 286.231201, -484.281342, 9.985769
1583, 252.795624, -488.351166, -2.203533
1584, 230.004059, -481.666504, -27.292343
1585, 225.202728, -457.743225, -54.110638
1586, 237.514328, -437.170929, -75.321609
1587, 279.692444, -426.071381, -85.486687
1588, 313.876404, -431.119232, -74.869278
1589, 332.855591, -455.125427, -54.949219
1590, 331.085388, -485.209290, -39.453892
1591, 298.352386, -507.686768, -31.133289
1592, 265.762787, -513.662781, -45.026279
1593, 241.928024, -502.362396, -71.342346
1594, 242.570221, -480.551147, -101.283127
1596, 306.533569, -454.655487, -125.958038
1597, 335.258575, -469.213593, -111.957115
1598, 346.321411, -496.311249, -89.418686
1599, 323.381836, -521.726685, -74.321762
1664, 124.223770, -244.102753, 373.765808
1665, 93.948639, -241.785645, 358.127533
1666, 78.019119, -224.101227, 330.589233
1667, 80.727753, -204.915527, 302.778809
1668, 84.392929, -183.630432, 277.461914
1670, 145.870926, -151.346176, 261.368591
1671, 174.583923, -149.002930, 278.771179
1672, 194.587646, -162.667175, 305.549805
1673, 201.002197, -189.590637, 327.138123
1674, 188.329926, -219.182007, 340.229034
1675, 168.671249, -246.975204, 346.889404
1676, 136.905304, -262.878174, 343.737671
1677, 105.512749, -260.452942, 329.434418
1678, 83.808624, -243.239716, 307.520111
1679, 76.412689, -217.072586, 285.367920
1680, 87.434631, -192.374115, 267.544556
1681, 108.858261, -169.706192, 251.786530
1682, 146.125763, -157.055817, 251.779282
1683, 177.087891, -159.064392, 264.404358
1684, 198.631516, -175.882980, 283.658325
1685, 208.581589, -203.748703, 300.875122
1686, 201.602310, -236.264679, 312.560364
1687, 179.986755, -263.550598, 317.365326
1688, 147.494278, -276.017090, 316.596161
1689, 113.571716, -274.597534, 304.952606
1690, 88.247490, -257.935913, 285.393921
1691, 81.446548, -232.936859, 263.857788
1692, 95.791351, -204.492462, 244.531235
1693, 131.170242, -186.069153, 232.652618
1694, 160.760162, -180.899017, 233.257828
1695, 191.654892, -189.535812, 246.121811
1696, 211.161545, -212.513412, 264.113617
1697, 212.476593, -242.025314, 282.160248
1698, 189.683380, -270.708496, 292.856934
1699, 160.572174, -284.610077, 292.809601
1700, 126.255692, -287.178314, 281.874542
1701, 102.434341, -272.641235, 261.733551
1702, 95.039215, -247.058228, 239.167389
1703, 102.587303, -220.809296, 220.929718
1704, 142.425659, -203.460938, 210.262970
1705, 174.577560, -199.733932, 211.636887
1706, 203.503448, -210.517883, 224.197601
1707, 221.541504, -236.891968, 241.316162
1708, 214.059372, -266.664673, 257.857788
1709, 195.511444, -291.367615, 269.413239
1710, 161.883545, -304.233643, 267.452698
1711, 131.739502, -297.664276, 255.710480
1712, 108.002670, -282.059265, 232.285095
1713, 108.230446, -255.263855, 208.547272
1714, 127.910629, -231.457260, 190.417603
1715, 165.451935, -223.031830, 182.450073
1716, 198.413879, -225.219238, 190.205017
1717, 223.893661, -243.479309, 206.208237
1718, 231.207565, -271.252197, 223.129623
1719, 210.576935, -299.450989, 238.644455
1720, 180.503021, -314.184021, 243.570999
1721, 147.917343, -317.959717, 233.227173
1722, 120.883835, -304.443420, 213.187653
1723, 117.467033, -277.229126, 189.237610
1724, 130.696014, -251.808670, 169.940765
1725, 169.368744, -238.713196, 162.890823
1726, 203.901428, -241.634827, 169.431534
1727, 226.818832, -261.998352, 186.276245
1728, 238.697495, -292.662842, 198.769867
1729, 215.934723, -320.442871, 212.823273
1730, 185.721100, -334.039886, 213.302002
1731, 156.432144, -335.778198, 190.906830
1732, 135.978699, -325.637207, 165.688263
1733, 135.570312, -301.237854, 140.550171
1734, 157.891251, -279.070526, 120.410027
1735, 194.965424, -268.719116, 114.418808
1736, 228.589447, -276.009338, 123.803650
1737, 252.488205, -293.777283, 142.057678
1738, 254.091461, -325.039032, 159.073593
1739, 234.469574, -353.259033, 169.055267
1740, 204.668152, -370.442871, 164.633179
1741, 174.449463, -372.354614, 144.923447
1742, 155.998077, -360.959076, 118.765305
1743, 154.724701, -335.627380, 95.350571
1744, 177.408051, -315.733215, 75.560608
1745, 210.292648, -301.984589, 70.418442
1746, 245.451996, -305.595276, 77.960716
1747, 269.893677, -323.407196, 94.039078
1748, 275.024384, -353.532471, 111.145004
1749, 259.749268, -381.510254, 124.300919
1750, 230.616211, -402.097839, 122.187927
1751, 198.817444, -408.309753, 104.457199
1752, 176.507812, -395.934540, 80.596222
1753, 174.014740, -371.887390, 55.436947
1754, 192.553513, -348.219727, 32.971642
1755, 225.740753, -340.971497, 25.593801
1756, 261.622253, -340.117523, 31.228476
1757, 285.586639, -356.617889, 46.808575
1758, 294.321564, -383.195435, 66.214531
1759, 283.878876, -413.411713, 77.767838
1760, 256.078156, -435.159607, 76.886307
1761, 226.086395, -443.693665, 61.388638
1762, 203.061935, -430.578369, 36.252987
1763, 198.435959, -406.939209, 11.220934
1764, 212.188843, -380.550476, -10.428783
1765, 246.089752, -376.054260, -19.068466
1766, 281.290375, -378.062836, -16.122614
1767, 307.458740, -398.573517, 1.311303
1769, 285.189789, -454.913574, 33.562534
1770, 256.315613, -473.439545, 26.639107
1771, 226.491058, -472.314758, 2.857097
1772, 213.887070, -455.518280, -23.026640
1773, 218.300903, -429.467224, -47.807777
1774, 256.757019, -410.187714, -60.626999
1775, 288.140350, -410.315918, -54.079483
1776, 315.630371, -426.010590, -37.246696
1777, 324.736694, -454.794189, -23.240517
1778, 309.453461, -486.047668, -12.102271
1779, 280.916748, -503.463348, -18.096664
1780, 248.942993, -506.184753, -39.795109
1781, 232.710785, -489.127991, -64.447067
1782, 231.503922, -465.598724, -90.072769
1783, 271.442566, -445.817322, -105.134659
1784, 306.084198, -441.627502, -101.944000
1785, 331.339172, -456.915161, -86.170532
1786, 341.340912, -487.401733, -67.571304
1787, 319.332764, -517.179199, -54.250000
1788, 289.566498, -533.032593, -57.447472
1789, 258.746765, -532.795044, -80.476845
1790, 247.374023, -511.314697, -106.953178
1791, 255.668472, -490.137024, -135.046387
1794, -184.362167, 322.415009, 279.114258
1795, -202.139435, 304.755646, 258.912079
1796, -200.570648, 284.585327, 227.815857
1797, -177.311447, 281.846680, 200.449997
1798, -151.365173, 286.165649, 182.448196
1799, -130.542038, 309.521118, 186.195312
1800, -120.997032, 344.833435, 200.453415
1801, -137.653473, 367.590515, 220.714142
1802, -164.532623, 376.179199, 239.214630
1804, -218.029816, 347.726746, 221.155579
1805, -225.329193, 326.501587, 195.042206
1806, -208.303650, 314.536377, 165.344666
1807, -183.269516, 317.029480, 141.605637
1808, -156.221649, 330.702148, 133.592361
1809, -134.965744, 359.604187, 138.005554
1810, -136.526886, 388.542908, 162.238403
1811, -158.689178, 407.091614, 183.938446
1812, -191.889267, 407.875244, 199.950592
1813, -221.314682, 406.265686, 198.246506
1814, -240.950165, 386.437195, 178.668518
1815, -246.922302, 366.218628, 151.490417
1816, -235.605453, 354.640198, 117.740318
1817, -208.200684, 360.293030, 97.846268
1818, -179.249756, 372.665253, 90.912621
1819, -160.697525, 397.329834, 100.153534
1820, -164.198395, 429.015381, 124.716637
1821, -183.718872, 448.867645, 145.889130
1822, -216.601303, 455.010132, 155.373474
1823, -249.992996, 440.716217, 154.074280
1824, -269.610992, 423.080505, 135.646149
1825, -272.633514, 402.084534, 105.017181
1826, -256.152496, 389.195129, 75.750244
1827, -229.843262, 394.027100, 50.937660
1828, -202.406158, 407.500458, 47.621269
1829, -189.855225, 434.324585, 63.039879
1831, -215.719452, 481.479034, 109.225998
1832, -249.066711, 493.749939, 119.423828
1833, -275.599396, 478.390564, 111.361954
1834, -293.379608, 457.430115, 86.505669
1835, -293.728027, 439.459320, 55.473236
1836, -272.062164, 433.146362, 28.752722
1837, -245.536438, 438.198914, 9.694440
1838, -218.337158, 460.652588, 12.502708
1839, -204.347382, 486.790741, 28.661785
1840, -215.242279, 511.625488, 55.026638
1841, -246.828583, 519.645813, 68.107811
1843, -298.980530, 507.883148, 59.028984
1844, -307.799866, 486.771240, 33.416847
1845, -299.168579, 467.656677, 0.741070
1846, -270.012939, 474.235046, -21.501102
1847, -243.995590, 488.833099, -23.279015
1848, -229.151642, 514.744751, -10.234196
1849, -237.170074, 540.584839, 12.285876
1850, -260.415833, 558.034058, 30.648085
1851, -291.422180, 568.898438, 40.557404
1852, -318.097900, 548.917358, 29.014341
1853, -326.035828, 527.560608, 2.199310
1854, -311.257050, 508.669739, -26.099361
1855, -284.355286, 500.190491, -48.039364
1857, -140.820786, 162.256439, 377.742981
1858, -136.644226, 160.370605, 343.224792
1859, -127.455017, 165.507553, 312.173828
1860, -115.738274, 172.796860, 281.994080
1862, -58.360313, 200.331284, 277.632263
1863, -43.846992, 217.442078, 302.566895
1864, -44.863201, 232.403488, 334.950928
1865, -54.299309, 243.301071, 365.460205
1866, -76.405937, 249.639893, 392.095551
1868, -136.196487, 231.161713, 400.970764
1869, -150.563553, 208.968750, 381.473938
1870, -158.984116, 185.666351, 351.086426
1871, -146.202484, 176.261520, 321.429260
1872, -126.233368, 177.149277, 292.070526
1873, -101.070312, 188.987457, 269.706238
1874, -75.660454, 203.809326, 270.644409
1875, -53.108696, 227.264587, 286.680359
1876, -47.404358, 246.877777, 315.657806
1877, -59.456985, 261.147522, 345.315002
1878, -85.505020, 268.087463, 368.828461
1880, -146.811401, 247.820984, 378.001801
1881, -164.087204, 222.976624, 359.888275
1882, -165.362793, 202.178131, 333.285004
1883, -152.811401, 186.855621, 303.418396
1884, -129.942169, 189.190948, 277.383423
1885, -104.829292, 196.763290, 261.992920
1886, -75.690674, 220.321045, 266.956299
1887, -60.764004, 246.471176, 287.344086
1888, -62.638763, 269.225708, 313.442566
1889, -82.302177, 282.298340, 339.650757
1890, -110.902580, 288.233459, 355.821747
1891, -144.386200, 273.354614, 356.358276
1892, -164.408417, 248.057281, 344.136719
1893, -168.474426, 222.358490, 321.705505
1894, -157.521576, 205.290619, 290.162048
1895, -136.524109, 205.696228, 264.367126
1896, -111.444191, 214.454315, 250.781479
1897, -82.613815, 239.202530, 255.215759
1898, -70.020584, 266.947845, 274.540131
1899, -79.230843, 288.757660, 302.507721
1900, -101.607361, 300.934296, 325.176086
1901, -134.407394, 294.915588, 336.475037
1902, -163.982819, 276.996826, 332.336639
1903, -177.196045, 250.165588, 311.792969
1904, -169.974701, 231.421494, 283.215851
1905, -149.133942, 222.839111, 257.651062
1906, -122.688492, 224.389618, 239.079987
1907, -93.195694, 250.768982, 238.545380
1908, -84.190239, 281.366058, 252.946823
1909, -89.886559, 306.593750, 278.305359
1910, -112.510292, 318.785461, 304.588379
1911, -141.715332, 314.085510, 318.465820
1912, -170.947754, 293.991150, 315.461609
1913, -184.297287, 267.235535, 296.791748
1914, -179.586426, 245.928879, 266.287537
1915, -158.322250, 238.977600, 238.950607
1916, -133.214874, 241.673096, 219.343384
1917, -105.524933, 265.377991, 218.702881
1918, -92.810654, 296.028625, 233.007614
1919, -108.343201, 322.617065, 255.877487
1984, -180.893188, 305.260773, 296.305298
1985, -193.677780, 278.750671, 276.501404
1986, -190.317352, 259.933411, 246.047974
1987, -171.844391, 256.876892, 218.071701
1988, -147.176514, 258.582428, 196.665649
1989, -117.483139, 283.069611, 197.120560
1990, -105.796326, 310.039978, 211.767975
1991, -111.391449, 339.123352, 233.151398
1992, -135.588623, 354.249268, 252.711609
1993, -168.486893, 358.512207, 262.660767
1994, -197.781799, 342.648590, 254.320129
1995, -214.406860, 322.605164, 231.930771
1996, -209.718597, 299.842041, 199.701172
1997, -191.053833, 294.085236, 172.354904
1998, -163.881439, 298.736938, 154.884033
1999, -136.500458, 325.008118, 157.679413
2000, -126.830704, 356.515564, 171.593567
2001, -140.939270, 381.406677, 195.043274
2002, -167.816101, 390.629913, 212.840485
2003, -202.106232, 392.402039, 219.195770
2004, -227.070648, 372.088104, 206.376099
2005, -235.327515, 350.154541, 181.017181
2006, -225.879608, 333.731323, 147.322754
2007, -199.241394, 334.242889, 123.358635
2008, -172.399658, 344.889252, 111.517670
2009, -150.926727, 372.494720, 118.388000
2010, -148.169571, 401.792572, 141.946487
2011, -168.942596, 421.992371, 164.469772
2012, -201.775284, 426.621399, 178.467133
2013, -233.124634, 424.903015, 175.694672
2014, -251.699524, 404.591492, 157.049500
2015, -256.441559, 383.700012, 125.961945
2016, -240.913635, 370.714417, 94.373932
2017, -214.060059, 377.967407, 73.238113
2018, -187.186005, 394.514343, 70.524948
2019, -172.536530, 422.012146, 82.992477
2021, -202.127136, 468.878296, 131.697052
2022, -236.337448, 472.395294, 138.470337
2023, -264.618256, 454.423096, 129.607758
2024, -277.033081, 433.157043, 102.971642
2025, -273.473785, 416.901215, 69.888443
2026, -250.922607, 414.718323, 41.008011
2027, -222.977646, 422.305603, 26.248434
2028, -198.858124, 451.128784, 32.274841
2029, -195.882599, 483.506470, 57.813950
2030, -217.787582, 496.781799, 82.050735
2031, -246.253204, 507.920410, 96.630722
2032, -279.373901, 499.744690, 92.151642
2033, -298.367340, 479.543549, 68.113434
2034, -295.424438, 461.277039, 36.670559
2035, -275.449677, 453.355469, 8.785830
2036, -244.717087, 459.103271, -7.025598
2037, -227.728714, 487.670868, 5.088443
2038, -223.033020, 518.510193, 24.760351
2039, -245.234177, 538.526123, 45.176949
2040, -276.341705, 548.229004, 56.603687
2041, -304.630463, 533.901245, 45.894390
2042, -316.797302, 511.515686, 19.615807
2043, -307.083984, 496.184448, -12.564685
2044, -280.526550, 492.258789, -36.126999
2045, -258.049500, 506.994690, -36.541443
2046, -243.324265, 534.960449, -17.475321
2050, -64.920349, 231.584335, 412.072144
2051, -48.869259, 221.388229, 382.799408
2052, -35.613419, 207.293060, 355.987518
2053, -22.466404, 194.163696, 326.253754
2054, -16.777020, 179.996613, 297.253937
2055, -15.199629, 166.516647, 266.198395
2056, -4.648056, 162.869064, 233.458420
2058, 10.991377, 144.964767, 239.415009
2059, 0.870913, 154.420044, 270.414185
2061, -5.085536, 176.338089, 333.778503
2062, -10.848349, 188.976852, 364.059631
2063, -24.892113, 200.699341, 394.152222
2064, -42.616730, 205.379517, 421.157318
2066, -101.006836, 194.952881, 443.967346
2067, -123.822403, 172.232941, 440.121796
2070, -37.481186, 170.441818, 434.489502
2071, -17.689762, 162.898163, 406.044281
2072, 3.694961, 153.944992, 385.660461
2073, 16.506077, 119.328629, 378.311951
2074, 36.310982, 92.521538, 372.480103
2075, 52.870285, 66.210770, 370.634521
2076, 69.254051, 35.910942, 371.011108
2077, 83.687988, 5.288738, 371.527435
2078, 94.448456, -29.129528, 373.220215
2079, 108.327782, -59.565331, 371.366577
2080, 115.123924, -83.653221, 394.405518
2081, 115.818169, -102.537399, 425.337250
2082, 117.464012, -125.685547, 445.537048
2085, 39.782375, -168.628601, 437.002411
2087, 92.983078, -135.952774, 451.938385
2088, 118.019363, -114.580719, 443.482544
2089, 122.231377, -81.967117, 434.936096
2090, 108.798813, -51.709633, 428.966492
2091, 89.506882, -25.315922, 422.135712
2092, 68.236313, 1.964922, 417.476776
2093, 49.405716, 27.189327, 417.661926
2094, 35.328621, 57.210289, 420.150848
2095, 26.408260, 88.407738, 422.482544
2096, 9.128161, 115.980705, 436.879150
2097, -15.621936, 138.784775, 447.900482
2098, -44.935482, 150.208527, 457.312836
2112, 54.608406, 108.162964, 124.851685
2113, 31.061001, 134.221283, 123.945312
2114, 1.572210, 153.542603, 123.867302
2115, -29.296967, 161.970917, 122.882492
2116, -63.671936, 161.612274, 129.274628
2117, -97.125809, 154.040619, 132.398529
2118, -121.462326, 131.049484, 139.112000
2119, -135.301025, 99.338493, 143.104355
2120, -137.992859, 65.753746, 149.936768
2121, -137.425476, 30.846706, 153.406158
2122, -129.772949, -0.607780, 153.002228
2123, -121.847763, -23.406044, 136.042786
2124, -133.796600, 0.470216, 120.766678
2125, -139.072083, 33.751953, 118.674774
2126, -136.719513, 68.041931, 113.954559
2127, -132.941345, 99.803627, 111.505783
2128, -116.872253, 129.426605, 106.680527
2129, -89.082901, 151.265442, 103.003471
2130, -55.893738, 158.276459, 99.294060
2131, -21.862885, 156.281647, 95.816895
2132, 9.369757, 140.573212, 96.011375
2133, 37.749496, 119.446037, 98.996048
2134, 53.558353, 92.858383, 97.304420
2135, 77.896324, 67.146088, 95.610550
2136, 90.109238, 35.952488, 90.384872
2137, 102.253571, 6.186330, 94.705124
2138, 115.781540, -28.338249, 100.667114
2139, 121.914612, -60.223457, 99.385948
2140, 121.693535, -94.010635, 92.219467
2141, 104.682739, -122.944229, 86.662903
2142, 78.689491, -149.179733, 90.040222
2143, 45.786621, -153.810287, 97.472687
2144, 14.167582, -148.248917, 104.801010
2145, -17.730709, -140.536926, 112.762955
2146, -50.237831, -126.901520, 114.247612
2147, -75.409210, -105.706665, 119.303772
2148, -98.263168, -81.365250, 116.045731
2149, -112.966400, -60.890617, 96.996872
2150, -100.284500, -87.422455, 85.386932
2151, -76.328575, -113.082108, 84.589066
2152, -49.161053, -131.734695, 82.064911
2153, -18.779497, -148.031357, 80.092972
2154, 15.334816, -153.854904, 72.142120
2155, 48.177795, -153.592117, 65.580879
2156, 80.328293, -145.992844, 58.550598
2157, 104.979584, -121.296722, 51.318710
2158, 121.680359, -92.919876, 50.806442
2159, 121.841431, -58.301048, 50.589180
2160, 113.157631, -23.142643, 51.231812
2163, 78.432396, 70.948112, 58.034023
2164, 59.096992, 96.644203, 51.889629
2165, 35.382034, 120.990608, 51.565529
2166, 7.643220, 140.061188, 53.809334
2167, -22.039677, 154.074478, 58.039589
2168, -55.975563, 156.818832, 67.126144
2169, -87.144318, 146.650055, 72.810913
2170, -115.788963, 126.906479, 77.712128
2171, -131.645340, 97.702415, 81.641403
2172, -141.742340, 64.584770, 85.458679
2173, -144.544403, 31.148163, 89.010681
2174, -137.732422, -1.433633, 91.090408
2175, -129.414276, -33.597588, 92.793236
2368, -44.594746, -116.931183, 266.726257
2369, -35.552670, -118.125854, 302.712646
2370, -36.491440, -117.112152, 335.309296
2371, -24.630995, -112.883987, 367.800598
2372, -20.082127, -112.478333, 398.868500
2374, 3.591174, -133.853439, 405.193817
2375, 3.730786, -135.433014, 371.869354
2376, 2.091492, -134.758179, 339.022736
2377, -4.757400, -135.738678, 305.369324
2378, -7.782866, -134.805313, 271.631866
2379, 3.433669, -142.215179, 242.685699
2380, 15.553762, -156.601990, 270.748718
2381, 19.766356, -152.661621, 304.014160
2382, 22.815441, -150.870956, 335.749146
2383, 27.110594, -153.620117, 369.073181
2384, 27.811749, -160.046432, 400.295227
2387, 50.123093, -171.116562, 368.204712
2388, 47.984203, -169.739716, 334.543884
2389, 47.000530, -168.141724, 302.235565
2390, 41.908379, -171.411804, 269.223145
2391, 36.615757, -170.173523, 236.875977
2392, 60.341942, -165.324905, 216.416840
2393, 92.051758, -161.724365, 208.193558
2394, 97.971237, -159.999115, 238.801620
2396, 81.847321, -171.434998, 299.864441
2397, 77.982155, -177.376556, 333.476318
2398, 72.498329, -189.023300, 364.635376
2399, 69.236549, -193.183746, 398.750183
2400, 76.009789, -194.047287, 431.401337
2402, 128.366882, -155.132111, 441.221924
2403, 129.707016, -129.511703, 427.467468
2404, 132.842377, -109.652710, 396.570007
2405, 133.549728, -100.730453, 367.708923
2407, 135.842484, -93.556931, 300.530518
2408, 130.507080, -92.038391, 266.608521
2410, 132.534836, -112.267029, 229.205978
2411, 134.551819, -111.059570, 263.130798
2412, 143.626007, -100.012169, 293.393829
2414, 150.421906, -97.845306, 361.638977
2415, 157.556839, -120.307640, 386.391418
2416, 152.514435, -148.291718, 407.504272
2417, 146.022430, -175.464905, 416.749664
2418, 121.710289, -198.171478, 421.441132
2420, 63.324001, -222.854553, 398.473541
2421, 96.775436, -226.867477, 391.692017
2422, 129.028244, -224.981903, 398.493469
2423, 158.387390, -208.268173, 396.389526
2424, 175.650452, -179.814789, 386.271057
2425, 176.876709, -150.229416, 369.977844
2426, 165.209747, -124.306725, 353.231537
2428, 173.445526, -137.290833, 327.647064
2429, 182.201599, -166.616653, 343.969696
2430, 180.833038, -198.394409, 356.797546
2431, 172.777267, -229.872131, 368.985718
2432, 147.228012, -85.605286, -155.368423
2433, 150.938217, -53.418480, -157.421753
2434, 152.334976, -20.249058, -154.859619
2435, 148.757874, 12.160786, -172.000916
2436, 153.779510, -17.037762, -188.880356
2437, 152.295639, -51.094845, -185.478546
2438, 151.779175, -83.745621, -185.490112
2439, 147.062286, -118.651230, -187.084518
2440, 127.984581, -146.458527, -188.197433
2441, 104.176323, -171.532028, -186.532394
2442, 69.590225, -180.796783, -186.608368
2443, 41.103340, -192.467285, -184.051117
2444, 6.057916, -190.203613, -181.099213
2445, -26.539864, -182.051117, -174.979706
2446, -57.285488, -164.531906, -170.252609
2447, -80.797295, -140.719406, -166.797470
2448, -101.873955, -116.237030, -164.321136
2449, -119.487480, -86.376976, -161.172226
2450, -130.202515, -65.147690, -177.626022
2451, -115.661469, -87.787170, -194.027145
2452, -95.688751, -114.533470, -199.875305
2453, -76.525154, -140.489975, -207.580170
2454, -53.327129, -165.246613, -210.469604
2455, -23.752182, -183.926117, -214.036987
2456, 9.779763, -190.108276, -213.298889
2457, 43.455162, -189.475922, -214.064453
2458, 75.810783, -181.189819, -215.752289
2459, 110.770020, -171.888779, -216.838303
2460, 133.114487, -147.448929, -218.566559
2461, 149.034912, -116.465927, -218.623810
2462, 154.915527, -83.781319, -215.253723
2463, 154.599762, -49.770229, -214.938782
2464, 150.437637, -16.219732, -215.862717
2465, 146.876587, 14.533268, -233.183014
2466, 150.272705, -20.021049, -247.241547
2467, 153.759384, -52.312340, -249.096497
2468, 155.080765, -86.311478, -251.115387
2469, 145.902496, -118.291061, -250.702560
2470, 128.582535, -151.642731, -251.333221
2471, 105.052536, -173.162903, -249.971924
2472, 76.257523, -190.532135, -247.569748
2473, 41.797668, -197.628906, -243.851227
2474, 7.009653, -194.517258, -244.023132
2475, -24.950314, -184.480804, -239.535400
2476, -51.526138, -165.926788, -234.342514
2477, -76.377991, -140.553543, -231.725754
2478, -94.097168, -112.604996, -229.333221
2479, -111.623070, -84.888687, -227.348557
2480, -112.896309, -59.994278, -246.350800
2481, -106.233910, -84.432610, -258.278656
2482, -91.813583, -114.890511, -263.937317
2483, -76.378464, -143.998215, -265.313293
2484, -53.675201, -171.795990, -265.350739
2485, -26.763226, -190.620972, -265.966370
2486, 5.355297, -199.708115, -267.434448
2487, 41.021988, -198.919296, -269.050415
2488, 75.626694, -190.857178, -273.848236
2489, 103.389519, -175.624054, -279.482056
2490, 127.124870, -150.647217, -279.309540
2491, 143.655548, -121.064331, -279.689636
2492, 154.241180, -88.594604, -278.865326
2493, 153.692963, -53.695839, -276.741974
2494, 146.260895, -23.789989, -276.402954
2495, 135.639038, 8.578106, -274.872192
2496, 142.832718, -112.728943, -158.749496
2497, 126.114532, -143.328842, -158.284851
2498, 102.464127, -165.885117, -155.650223
2499, 69.844009, -178.617905, -153.655914
2500, 38.905334, -188.727081, -151.260162
2501, 3.241107, -190.353241, -143.787155
2502, -27.297096, -179.740753, -136.791656
2503, -58.592037, -165.597397, -133.242767
2504, -83.726334, -142.291122, -130.483688
2505, -104.809471, -115.668175, -129.229126
2506, -124.387749, -91.692924, -129.879303
2507, -136.444534, -69.598427, -112.431366
2508, -122.239883, -94.955925, -101.169586
2509, -100.314178, -120.315613, -100.211365
2510, -74.204971, -144.561142, -99.820793
2511, -46.777184, -164.628189, -102.017303
2512, -16.400764, -179.810043, -108.997345
2513, 16.727604, -185.913391, -115.670609
2514, 48.039169, -184.555115, -120.775261
2515, 81.669220, -175.380051, -126.694519
2516, 109.772446, -158.462280, -127.243286
2517, 130.394104, -129.603912, -126.850418
2518, 140.592178, -98.558014, -128.072968
2519, 146.976562, -65.196732, -128.250656
2520, 147.833176, -31.938696, -130.148651
2522, 141.402573, -25.037533, -99.341125
2523, 141.192413, -56.925629, -98.070351
2524, 139.165833, -92.521469, -96.346039
2525, 125.454277, -123.893120, -96.409760
2526, 104.830307, -149.418365, -96.258743
2527, 78.335876, -172.522751, -92.516693
2528, 45.597931, -180.672852, -87.777184
2529, 12.814569, -179.912903, -81.291794
2530, -20.647743, -169.128296, -78.833443
2531, -52.490231, -155.863861, -77.016022
2532, -79.422119, -134.337723, -73.718033
2533, -104.141678, -113.073021, -70.877586
2534, -126.320190, -86.873589, -69.366653
2535, -126.156700, -78.443283, -38.727379
2536, -107.839012, -102.607597, -34.285851
2537, -83.976952, -128.340347, -39.793087
2538, -55.479950, -146.393600, -44.739464
2539, -26.242170, -160.457733, -47.781990
2540, 8.278532, -169.698181, -51.018631
2541, 42.468636, -172.040085, -54.352303
2542, 76.307739, -164.593811, -61.334900
2543, 102.385010, -141.065613, -66.365097
2544, 119.308655, -112.647331, -68.153191
2545, 130.735565, -80.234161, -72.808411
2546, 134.449036, -47.984901, -69.544266
2548, 125.109100, -26.999496, -43.166313
2550, 117.396294, -93.498535, -37.408997
2551, 102.960144, -124.931259, -36.565758
2552, 82.079384, -151.605682, -32.573860
2553, 51.027172, -167.377121, -28.897955
2554, 16.413967, -165.773468, -22.161060
2555, -13.901053, -156.917847, -18.617828
2556, -50.010223, -151.444641, -16.637737
2557, -78.439880, -133.150391, -13.403385
2558, -99.041473, -109.237968, -10.672698
2559, -120.034233, -80.605713, -5.939053
49, 98.769859, -144.281342, -949.520142
107, 93.383278, -147.455444, -917.287781
261, 111.019745, -8.127625, -331.160706
268, 87.223816, -177.883331, -294.763428
277, -86.811859, -68.480087, -313.052246
381, -47.551941, -57.657284, -448.106384
386, 9.986184, -37.500237, -469.622620
388, -47.302769, -62.739433, -472.376740
418, -24.004128, -56.863419, -590.730652
433, -30.219442, -75.799355, -651.178223
490, -21.222265, -63.959709, -623.181519
652, -77.832138, 4.542873, -529.483276
669, -49.851692, 22.672131, -601.439270
753, -36.395554, 119.512032, -974.262207
847, -141.273560, 44.573952, -393.774933
850, -62.673603, -0.896223, -409.363464
852, -2.565301, 19.780113, -420.122925
869, -14.583867, 18.240120, -446.331512
884, -79.537216, 0.713757, -470.212585
886, -21.072430, 24.031269, -480.412903
903, -106.257927, -10.290644, -351.325928
919, 64.705078, 57.647430, -372.075378
966, -35.388618, 16.949757, -507.643494
982, -49.774330, 20.823298, -569.392944
998, -43.830795, 34.178959, -631.738586
1070, -131.607666, -11.609347, -274.896057
1178, 40.048553, 136.719284, -127.008034
1307, 123.411491, -48.103897, 167.504517
1325, -54.702072, -44.713158, 393.158234
1331, -72.065109, -86.350815, 272.148315
1357, 110.701401, 4.812329, 23.015270
1386, 18.288559, 131.844513, -7.536499
1418, 27.399042, 132.206329, 179.540741
1436, -79.747719, 26.001232, 403.598633
1448, -104.796829, 89.809578, 395.965698
1454, -121.888977, 100.373154, 258.361481
1538, 146.204132, -276.960114, 156.220398
1559, 220.006042, -328.472198, 54.975677
1572, 283.082428, -423.815948, 48.642502
1595, 274.551880, -467.603333, -113.620583
1669, 115.131927, -167.488312, 269.415253
1768, 296.324280, -426.743530, 17.436918
1803, -191.281219, 361.952972, 230.185104
1830, -202.787338, 457.901794, 86.132935
1842, -272.904541, 513.764465, 63.568398
1861, -87.049294, 186.564072, 279.813171
1867, -106.301208, 240.400803, 396.533142
1879, -116.158211, 257.954224, 373.415131
2020, -187.331833, 445.445221, 107.344765
2057, 3.171661, 153.916916, 236.436707
2060, -2.107312, 165.379059, 302.096344
2065, -71.811783, 200.166199, 432.562317
2086, 66.382729, -152.290680, 444.470398
2373, -8.245477, -123.165886, 402.031158
2395, 89.909279, -165.717056, 269.333038
2401, 102.188339, -174.589691, 436.311646
2406, 134.696106, -97.143692, 334.119720
2409, 131.520966, -102.152710, 247.907257
2413, 147.023956, -98.928741, 327.516418
2419, 92.517143, -210.513016, 409.957336
2427, 169.327637, -130.798782, 340.439301
2521, 144.617874, -28.488113, -114.744888
2547, 129.779068, -37.492199, -56.355289
2549, 121.252701, -60.249016, -40.287655
